3
128
1.560 -1.350 -1.625
-1.947 0.450 1.061
0.561 0.033 1.877
-0.039 -1.585 -1.621
-2.410 0.237 -0.619
-0.590 2.448 1.318
1.136 1.750 1.268
2.215 -0.209 2.307
0.263 -0.198 2.356
0.675 0.819 0.391
-2.104 0.523 -0.939
-1.596 -2.098 -2.223
-1.468 -0.714 0.694
-0.173 0.618 2.341
1.121 -0.577 -0.190
-2.034 -1.562 -1.044
2.476 -1.318 -2.152
-1.816 -0.798 0.378
0.623 -1.647 1.101
0.109 2.300 -0.521
-0.113 -0.285 -2.495
-0.890 -0.114 -1.450
-1.357 -2.067 -1.566
1.741 1.915 -1.409
-0.369 0.884 -2.053
1.595 -1.422 0.947
-0.169 -1.521 -1.841
-2.300 -0.803 0.688
2.291 1.940 -0.580
1.774 -0.280 1.263
-2.408 -1.318 -2.465
-1.469 0.168 1.161
-0.833 0.499 -0.672
0.301 1.528 0.722
0.075 0.320 2.192
-1.757 -2.114 0.732
-1.252 1.140 1.283
1.684 0.141 0.839
2.114 -2.433 -1.920
1.796 -1.124 1.302
-0.956 -1.754 2.017
-0.346 1.118 2.040
-1.380 -0.203 -0.236
-2.178 -0.867 -0.199
1.982 -0.517 -0.322
-0.733 -0.631 2.269
1.207 1.315 -0.884
-1.320 -1.293 -1.569
-0.034 -0.711 -1.542
0.334 -1.593 -0.661
2.406 1.859 0.686
-2.221 0.827 0.465
1.240 -1.841 2.280
-1.855 -0.929 -2.059
-0.859 2.398 -1.011
-0.596 0.123 -1.247
2.268 2.161 -0.012
1.119 -1.125 -0.743
0.657 -2.492 -1.614
1.368 0.720 1.126
2.400 0.038 0.793
1.699 2.403 -0.469
-2.327 0.917 2.377
0.735 1.347 -0.375
-2.325 0.541 1.863
-0.636 -1.596 -0.483
1.431 -1.207 1.714
2.189 -0.777 0.068
-0.594 -0.217 -2.030
-0.697 0.073 2.115
-1.002 2.035 -1.776
-1.333 -1.127 -0.126
1.573 -1.508 -0.254
1.069 -2.447 -1.121
-1.532 2.105 1.957
1.820 -1.023 -0.372
-1.621 -1.850 0.414
-0.158 -1.089 2.134
-0.517 0.129 -1.115
-1.838 -2.395 -1.453
1.054 -2.370 -0.509
-0.346 -2.207 1.063
-2.111 -0.621 -0.622
-2.466 1.526 2.250
1.100 -1.015 2.043
1.490 -0.741 -1.481
2.194 -0.784 2.030
1.169 -1.132 -1.500
1.654 0.351 0.062
1.466 -1.262 0.481
2.321 2.338 -1.925
1.051 -0.831 2.050
-1.942 2.188 -1.215
-1.116 0.700 2.328
1.329 0.282 -0.434
-1.050 1.816 1.199
1.186 -0.812 0.953
-0.431 -0.833 0.434
1.493 -1.318 -0.419
-1.960 0.594 0.593
-1.171 0.502 -1.283
-0.027 1.320 2.308
0.807 -0.608 -2.244
1.063 2.394 1.746
-2.477 -1.958 -1.581
-0.884 0.165 -1.703
-0.960 -1.796 -0.686
2.105 -1.930 2.424
-1.821 -1.818 2.419
0.864 0.579 -2.125
-0.091 -1.966 0.183
-2.437 -1.647 -0.935
1.726 1.442 -1.581
-0.160 2.464 -2.448
0.312 0.952 -1.001
2.137 0.007 -0.625
-1.752 1.308 -1.096
2.152 1.450 -1.259
0.621 1.191 -1.333
2.127 0.689 -0.911
-1.713 0.765 1.124
2.460 0.124 -1.975
-0.817 -1.776 2.263
-0.159 1.436 1.402
2.155 -2.138 -0.824
1.896 1.005 0.979
2.054 1.598 1.747
2.244 1.188 1.097
1.838 -1.781 -1.792
1.969 -0.165 -0.383
0.586 -2.246 1.269
0.992 -0.037 -2.220
0.126 -0.314 -2.201
0.616 -1.673 -2.055
2.167 -1.454 0.560
2.142 2.203 -1.735
-2.277 1.726 -0.858
-1.314 0.443 0.421
2.052 2.169 -2.354
1.421 -1.316 0.777
-2.003 -1.092 -0.264
-1.935 -1.174 -1.440
-1.670 -1.373 0.729
0.947 1.714 0.177
0.798 -1.015 2.248
-1.235 2.482 -0.492
-0.157 1.555 -2.071
0.740 0.959 0.238
-0.804 -0.594 2.001
1.990 0.967 -2.243
-0.726 1.876 -0.423
2.212 2.213 -1.191
-0.235 0.720 1.027
-2.443 0.246 1.759
2.435 2.497 1.747
-1.486 -0.054 0.091
-0.270 -2.178 2.489
0.859 -1.479 1.182
1.092 2.138 -2.077
-1.453 -0.815 2.054
1.568 -0.637 -2.012
-1.191 -0.845 0.331
-2.354 -0.247 -0.974
0.251 0.182 0.665
-2.327 -1.180 -1.808
-0.378 -1.666 -1.235
-0.788 2.234 1.769
-0.678 1.323 -0.685
0.829 1.869 1.904
-1.930 -2.462 -1.343
0.347 2.376 -0.846
0.898 -2.065 -2.003
-0.669 1.350 -0.950
0.547 -1.662 -1.153
-1.594 2.292 1.170
-0.679 2.356 0.606
-0.228 2.294 -0.412
-1.896 0.336 0.189
0.554 -1.643 -0.310
-0.136 1.973 1.223
0.367 1.333 -1.407
-0.132 -0.385 -2.220
-1.543 2.356 -2.407
-0.299 -0.239 -0.051
-0.428 0.091 1.280
1.245 -1.026 0.093
0.893 1.124 -0.215
-2.294 0.795 -2.420
-1.299 0.365 -0.668
-1.140 -2.274 -0.295
-1.716 2.293 -1.588
-1.747 -0.309 0.720
-0.932 1.176 1.785
-1.318 0.899 -0.981
2.456 -2.456 -0.818
-0.098 1.896 -1.255
1.012 0.263 0.431
0.649 -1.867 1.793
1.786 0.508 -1.423
-0.476 0.494 -2.264
-0.090 0.059 1.470
1.756 -1.943 -1.129
-2.405 -1.051 1.751
-0.002 -1.101 -0.323
2.272 -2.402 -0.198
0.968 -2.092 -1.018
-0.170 1.849 -1.825
1.276 -0.388 1.946
-2.280 -1.120 1.962
0.070 0.269 -1.910
-1.177 1.299 0.153
1.985 -1.391 -1.058
-0.022 0.470 0.221
1.497 2.383 0.778
2.451 1.509 0.739
2.203 1.883 -0.846
-1.590 1.634 -0.664
0.523 2.164 -0.349
-0.112 -2.397 -1.858
2.193 1.105 -2.398
1.622 -1.247 -1.805
-0.886 0.502 0.186
-0.205 1.068 -1.451
-2.377 1.715 -1.216
0.407 -1.713 0.065
1.500 -1.418 2.177
1.030 1.065 -1.788
-1.092 -2.068 0.095
-1.279 -0.158 0.426
-1.736 -0.455 2.459
-2.408 -1.822 -0.863
-2.195 0.100 2.406
1.440 -1.195 0.838
2.471 -1.934 1.180
0.790 0.339 0.235
-0.553 -1.210 -1.834
-1.466 -0.169 0.611
0.967 0.501 -0.780
-2.457 -0.463 1.229
-0.160 0.275 0.008
1.515 -1.144 -0.852
-1.033 -0.082 0.131
-1.761 -0.572 0.111
-1.565 -0.265 2.363
-1.009 -1.005 1.050
0.985 -1.546 1.564
-2.474 0.653 -2.046
-0.466 -0.456 -1.225
1.847 1.291 -1.950
1.382 -0.825 1.709
-2.160 -1.635 -2.380
-0.086 -2.240 2.375
0.603 -0.986 0.188
-0.682 -1.138 0.247
-1.837 1.971 -0.246
1.465 1.327 -0.536
1.885 0.839 -0.742
0.988 1.148 -1.638
-1.185 -2.297 -1.761
-0.629 -1.049 -1.518
-2.498 -2.240 -0.347
-0.182 -0.710 1.592
1.017 0.438 1.650
2.484 -2.314 1.507
-1.629 0.215 0.997
1.150 1.009 -2.282
0.462 -2.450 0.073
0.817 0.278 -2.102
1.040 1.952 0.932
1.678 0.752 0.307
-1.630 -2.359 -1.971
-1.884 -1.778 1.703
-1.941 2.052 -1.880
1.010 1.480 -0.090
-0.764 2.484 -2.219
-2.026 -0.097 -0.397
1.840 -0.236 -0.351
-0.246 0.777 0.198
-2.003 2.079 0.344
-0.288 0.267 -0.155
-0.622 -0.961 0.869
0.242 -1.175 0.644
0.697 1.638 1.251
2.222 0.931 0.699
0.480 -2.359 1.587
1.791 1.382 0.272
-1.463 -2.034 -2.427
-1.803 -0.958 1.608
2.413 1.327 1.499
-0.384 -0.310 -0.699
2.211 -1.957 1.589
-0.490 0.441 -2.201
-0.445 -1.845 0.755
0.549 -0.386 -1.785
0.745 -1.718 0.137
-0.781 -0.190 1.502
-1.265 0.735 2.065
0.585 -1.284 0.051
-2.341 0.216 2.361
-0.058 -2.086 0.798
-0.506 0.668 2.473
0.838 -2.087 2.214
1.369 1.709 -1.997
1.321 0.495 0.849
1.525 -1.763 -2.436
2.494 2.061 -1.746
0.785 1.383 0.363
-0.857 -1.737 1.178
-0.118 -1.072 -0.805
2.460 1.092 0.524
-0.090 -2.059 -0.564
-1.803 0.511 -0.558
-0.004 -0.787 -2.024
0.514 -2.297 1.209
2.216 -0.484 2.079
0.375 1.236 -0.876
-0.973 1.799 1.982
0.307 0.682 -2.432
1.491 0.362 0.311
-0.905 0.905 0.801
-2.166 0.643 1.729
-1.905 2.451 2.319
0.324 -0.085 -0.671
-1.577 -1.860 -0.344
0.747 -2.334 -0.150
-0.107 0.708 2.236
1.905 -1.580 -0.835
1.599 -2.389 -0.952
1.948 0.526 2.039
1.322 -1.102 -1.707
-0.943 -0.975 0.808
1.940 1.540 -2.303
0.215 -1.047 -1.270
-0.954 1.210 0.955
-2.314 -1.263 0.406
-0.631 0.905 -1.637
0.626 1.301 -1.632
-2.369 0.579 1.501
-0.248 -0.736 -2.184
1.481 -1.200 0.420
1.126 -2.469 1.829
1.983 -1.883 1.570
1.923 1.403 -1.147
-0.595 -1.972 -1.967
0.101 2.143 1.586
1.117 -1.868 -1.875
2.096 1.583 -0.506
-0.885 2.384 -1.968
0.913 -0.807 -1.128
-0.975 -0.507 -2.451
0.371 1.190 1.769
1.043 -1.614 1.550
-0.387 -1.647 0.072
0.993 -2.120 2.248
-0.980 -1.456 1.395
2.226 0.620 0.325
1.131 -0.016 -1.833
-1.770 1.879 0.000
1.097 0.197 1.413
1.071 -1.958 -1.944
-1.553 1.784 1.910
1.486 1.969 -1.031
-1.864 -1.485 -1.416
-1.243 1.243 -0.584
-0.911 -0.108 -2.186
0.846 0.469 -1.318
0.229 -2.036 2.121
-0.318 -0.702 2.380
0.806 -0.623 -0.836
-0.893 -0.666 -1.998
-0.815 -1.398 -0.523
1.710 0.897 0.215
-1.681 -0.054 2.348
1.930 -1.810 0.978
1.931 1.779 -0.847
0.833 0.579 -0.437
1.502 -0.205 1.152
-2.396 -1.652 1.871
2.446 -0.615 1.989
0.287 -2.162 -1.287
-0.360 2.004 2.016
2.192 0.027 -1.191
-1.905 0.309 -1.047
-1.439 -0.483 -0.185
