64
64
1
-0.347 -12.785 6.272 11.436 4.792 -19.747 -15.046 -0.927 -8.434 17.638 1.354 12.751 -13.247 17.995 -5.811 -3.935 -18.747 -13.687 11.082 -6.768 16.167 -7.203 6.692 18.474 -18.581 -18.989 -6.541 16.434 -17.420 9.853 9.580 -2.289 2.001 0.891 4.725 15.350 5.911 3.386 -8.931 5.177 -0.531 -18.527 18.017 12.030 -8.993 -10.848 -3.576 -5.377 -10.944 15.279 -12.577 -1.039 3.896 -11.802 1.978 14.169 -7.680 -16.412 -3.954 -14.098 -2.564 16.361 -19.657 -6.130
15.485 -4.425 2.296 -4.378 -4.695 14.218 15.109 -14.852 9.772 1.967 -2.561 -9.598 -6.473 -1.494 2.593 8.924 -15.069 -8.429 3.234 15.258 -13.909 8.440 -3.089 -8.016 -14.504 -8.232 6.667 -18.207 -13.548 -1.478 -6.380 -11.010 -0.996 12.231 7.210 -17.477 11.542 12.522 18.015 0.127 -13.918 -11.209 1.275 -5.598 7.085 -0.597 15.257 -16.711 6.332 13.424 -18.669 -13.586 -12.017 0.607 -9.395 -18.610 -19.883 -12.361 1.917 10.711 -15.353 19.266 4.584 3.617
-12.312 -16.535 -17.010 -0.224 18.015 -11.327 13.798 -14.675 16.196 -12.929 11.090 -2.075 13.951 8.479 1.072 -13.483 -8.594 -9.995 10.780 -13.704 -12.568 6.506 -15.182 -11.325 14.321 -11.357 7.667 -14.144 -5.467 3.828 7.408 10.176 -9.343 -3.317 19.688 1.042 -1.424 15.921 -10.773 -18.290 0.675 7.422 -0.856 -18.597 5.471 3.533 10.529 3.081 -15.489 1.926 -17.927 -5.743 11.999 -4.736 -7.934 -18.027 -19.752 -6.085 6.899 -6.709 -6.301 7.389 -2.187 -0.368
-4.211 12.261 -5.996 8.753 -2.707 4.195 -2.565 8.053 -11.302 16.522 -0.887 11.488 -8.037 -11.501 -15.177 17.485 7.346 -0.965 -18.696 -7.969 16.218 -12.028 5.783 -19.685 16.738 18.375 -11.907 13.984 17.159 10.576 1.370 -0.937 -8.236 16.685 3.941 -16.488 10.208 4.068 5.420 -10.721 15.083 12.373 -3.556 -8.705 -16.588 18.124 13.614 -3.966 5.526 -7.500 17.899 15.538 -17.482 12.210 -7.190 -10.948 1.293 1.347 0.836 -16.243 -15.154 -14.474 -6.750 -1.520
14.658 -6.861 3.173 -19.885 -19.122 15.263 -0.625 3.756 7.344 -17.945 18.256 -19.173 -4.928 9.163 15.188 16.819 6.221 -12.081 -8.677 11.624 -9.823 16.963 11.196 -0.896 -16.818 -15.089 6.419 -6.690 -13.158 -9.113 -2.672 -7.971 -11.496 19.653 -4.473 3.295 -10.980 17.717 -14.070 5.512 -17.069 -4.333 0.495 9.735 -1.877 -0.674 -1.976 8.519 7.983 0.314 11.239 -17.493 2.623 -16.263 17.758 -4.801 -12.049 -14.208 -13.482 11.745 -8.136 -14.185 8.407 -8.776
-6.720 0.408 -14.351 -6.875 7.154 -8.047 -19.693 -4.302 2.525 3.219 -18.809 3.026 -16.586 -0.828 -17.704 -7.022 -8.975 -17.470 -10.611 -7.309 -19.907 12.421 -7.686 -11.160 -18.356 15.781 10.904 -14.137 5.809 -10.549 -7.023 -9.701 13.133 3.394 2.653 -18.001 4.193 -8.056 11.914 -0.767 -13.589 17.627 0.114 -2.299 6.822 -12.713 15.519 -10.439 17.471 -7.980 12.466 19.986 3.303 10.253 13.851 -13.981 -5.500 13.581 9.156 -19.350 -14.752 1.586 -4.809 1.789
15.487 -7.823 -9.780 3.319 3.747 -16.287 17.342 -12.560 8.595 13.180 -6.312 -4.985 3.869 2.614 -4.203 -19.163 -4.129 17.998 7.693 -4.388 -4.249 -15.802 0.395 17.188 11.735 15.558 -9.948 -17.812 -4.314 -1.038 -1.607 13.738 -13.887 10.121 12.029 -5.431 1.887 -5.878 -10.423 -9.808 14.427 -9.163 -13.172 11.038 -7.989 -19.347 0.124 -1.374 -2.323 -3.968 -5.917 -9.561 -14.435 -19.964 5.036 15.521 -0.056 -1.016 -1.569 11.586 -2.045 2.447 -13.979 17.237
13.072 -2.340 -8.416 -5.964 9.037 9.282 -9.259 3.784 -18.810 -5.079 -12.071 -8.762 -5.539 -15.392 -9.479 3.492 11.554 -9.510 8.892 -14.709 -2.397 16.194 -19.858 12.143 0.992 17.180 -16.059 0.013 -11.350 5.808 6.022 -10.938 -7.747 -1.124 -16.780 14.890 -5.803 18.409 3.805 -18.846 10.204 -18.763 1.328 10.354 9.337 2.538 -16.706 18.159 18.537 -17.438 -10.639 19.394 8.101 -5.939 -9.267 16.453 -5.189 -7.407 6.124 3.378 2.917 16.003 11.028 -4.887
17.250 13.216 -10.821 -18.119 19.973 18.148 9.109 15.090 -9.085 7.631 10.708 -0.357 -16.366 -16.913 -6.347 -16.838 6.152 2.103 2.522 10.625 -1.412 14.810 -19.617 17.476 -3.227 2.613 -12.043 19.949 3.968 9.331 16.211 9.452 4.788 -14.210 11.456 14.473 16.602 11.547 10.443 -0.663 -4.526 -10.326 12.570 18.168 4.495 11.207 -8.669 -0.819 -19.320 -6.927 18.691 -1.984 14.797 10.899 -2.880 3.966 -18.033 -16.764 -11.747 2.400 3.780 -13.715 10.526 -8.117
18.772 2.554 -16.749 -5.872 6.352 -16.668 0.984 9.957 3.062 17.966 1.606 3.781 -7.433 7.807 -14.753 14.732 -11.858 2.308 13.827 -15.565 -19.298 7.273 1.688 6.388 2.062 -13.466 -9.009 -2.718 -18.609 3.482 -19.563 -15.332 17.350 -12.962 11.370 -17.797 4.425 2.499 -5.928 -9.790 -16.245 1.562 -11.702 -13.776 13.255 12.644 18.283 15.157 -3.484 7.952 -16.997 1.311 14.062 -11.225 3.392 11.638 0.444 -3.691 15.894 -5.115 1.850 18.663 -4.368 -19.621
19.324 0.484 17.317 -11.631 17.562 3.024 0.682 9.095 14.984 7.168 7.893 0.768 13.995 -12.675 -4.259 -11.195 -3.808 -1.362 5.846 7.964 5.993 -4.672 -18.296 -18.505 9.004 -9.449 -19.847 -12.725 -8.000 7.666 -10.539 -13.779 -11.615 -2.636 4.102 18.381 -12.195 7.940 10.141 4.506 8.202 0.510 11.182 -8.113 16.243 -1.837 -10.064 8.735 18.968 -15.896 8.480 -13.895 -10.606 -6.612 1.690 -9.515 8.128 5.287 0.649 11.686 -19.014 15.379 7.529 6.903
2.996 17.857 -0.795 12.126 8.597 -2.802 -8.175 -15.346 12.097 7.941 3.917 2.409 -2.539 1.955 19.500 11.198 16.527 13.976 -16.370 3.866 3.996 -12.685 0.455 19.330 12.253 7.627 9.460 6.219 16.002 -2.759 -0.871 -5.498 4.606 -1.962 17.221 -0.940 18.910 18.457 7.889 -19.915 7.962 -8.280 15.955 19.475 -6.924 -3.091 -19.991 12.827 -17.720 -1.913 -16.137 16.066 19.345 5.313 17.826 -4.153 -15.294 -0.657 19.708 0.399 -6.501 -3.906 -19.134 0.467
-5.041 -5.119 -12.636 -0.007 -16.311 14.933 -17.935 -18.492 -4.211 -1.853 5.255 2.542 4.689 -7.147 -13.230 13.214 7.303 -9.078 -12.041 19.590 -10.012 -19.234 -19.464 -17.319 16.170 -5.347 -14.364 -12.173 -17.810 -10.733 -9.508 2.042 9.249 8.065 10.601 -17.728 8.719 1.930 3.338 -1.805 19.795 -7.947 -7.375 0.505 3.920 14.175 -5.720 19.516 -2.610 14.871 14.816 1.138 -5.506 -1.877 -0.258 -6.462 -16.853 -0.687 0.543 -6.792 -5.056 -19.306 -11.070 -9.977
-16.785 -19.210 -13.818 19.426 -7.240 -8.925 -11.674 0.871 6.565 6.099 19.104 -0.470 12.399 13.239 -7.025 7.910 -10.251 12.950 3.232 -5.197 15.001 -6.173 12.760 -19.871 -0.831 -18.112 14.737 3.358 -4.808 15.251 -12.047 12.489 -11.009 -0.267 -0.562 -9.245 9.675 -19.390 -15.994 -15.556 5.674 -2.513 15.611 0.878 17.642 -19.972 -10.929 -17.659 -12.687 8.201 -3.543 -2.645 3.512 5.468 -11.290 -4.546 -19.571 6.141 11.812 18.015 -19.286 -3.768 -13.304 -15.300
-2.862 16.337 -0.520 -10.576 5.045 10.602 10.772 -18.468 15.464 -3.949 -7.006 -0.144 19.195 2.062 -2.567 -13.322 4.042 7.537 5.432 18.151 13.288 12.328 19.855 14.937 6.393 -4.511 15.103 -3.061 15.121 -8.770 -10.336 7.601 -3.557 -3.484 6.469 -3.170 12.340 9.132 9.418 -12.134 -14.221 6.830 -12.385 -11.185 15.784 -10.429 -2.188 15.780 4.966 9.565 -3.961 15.456 5.413 5.206 -17.033 -17.822 6.556 4.020 0.160 -17.209 17.939 -4.750 -13.787 -13.539
-17.457 17.402 4.884 12.951 -6.449 0.261 -6.278 12.969 -7.213 16.074 -5.441 7.336 -12.642 8.085 5.910 7.243 -15.595 9.761 17.075 -13.500 -13.897 12.510 -0.785 -19.780 -1.224 17.550 2.882 7.190 -15.334 -2.471 19.844 -18.691 3.270 8.801 10.596 18.227 -1.195 -13.117 17.668 10.655 -11.849 16.186 -15.893 -5.504 13.224 -14.775 -11.579 -7.199 -16.060 1.385 -0.585 -0.490 -8.013 16.076 17.803 1.264 9.589 -12.493 -9.378 -18.852 -6.646 -13.716 1.994 4.626
19.465 -2.135 10.756 1.799 0.013 0.702 -18.697 -17.560 13.776 13.630 -12.789 1.849 2.502 3.533 13.991 1.486 -16.175 11.490 7.195 10.093 9.735 -15.582 16.521 12.709 -6.529 -5.234 12.736 19.428 3.699 -12.882 14.124 -16.990 -15.457 18.255 16.404 -14.309 8.310 11.057 6.569 -12.908 -12.793 -0.050 -4.033 -10.591 16.232 19.639 11.533 -5.300 -10.725 -16.358 -9.770 -11.813 -10.192 18.382 -5.591 -8.501 9.075 -0.011 -7.134 6.474 -17.541 -14.914 5.073 0.616
18.256 3.985 11.619 1.599 13.765 -13.586 10.209 -15.759 -7.985 12.649 -2.583 10.142 -19.761 11.106 14.388 -19.545 0.348 -2.469 -10.944 7.536 -3.011 -14.491 -2.950 6.623 -14.456 15.872 -9.679 13.461 7.050 -15.981 -16.583 4.076 3.903 -13.775 14.006 -14.175 -16.982 -0.330 18.455 -10.863 -14.262 -18.349 2.080 10.798 14.412 8.918 7.985 -1.329 -4.566 -16.050 -14.973 11.878 12.584 -3.177 8.834 -19.823 -9.191 7.580 1.821 -3.220 -3.639 -1.262 16.973 -9.962
6.895 4.394 -0.752 15.898 18.643 4.541 7.631 -12.986 12.355 0.610 -1.969 15.973 4.243 -7.240 -8.133 -19.116 -9.913 5.234 -8.301 16.654 -6.323 -16.231 -10.192 -11.996 -13.864 -5.051 -9.559 -5.159 -7.438 -16.340 -0.867 10.553 7.308 14.299 13.040 13.151 6.616 -17.898 -18.823 6.336 -5.240 -2.657 -16.823 12.986 -18.636 -8.533 -2.025 -4.046 -1.311 -13.818 5.515 -8.507 -17.917 -17.749 -7.169 16.871 -6.208 5.957 12.755 -11.475 -14.804 15.027 -8.585 -3.411
-15.144 -18.372 10.583 18.583 -16.916 -14.351 -5.579 15.690 -9.704 10.468 -16.964 -19.291 0.680 -13.875 -9.733 -5.036 17.900 18.597 2.433 19.471 -8.917 -11.856 -12.977 -13.342 -14.530 5.278 7.634 9.679 -6.308 7.697 19.569 -1.634 -0.095 16.644 1.538 12.566 2.543 7.945 7.907 -2.285 -17.857 9.713 17.102 -8.196 3.858 10.160 2.529 -15.332 11.509 7.336 -19.938 1.127 8.584 16.318 19.705 16.723 -15.027 4.454 3.811 0.421 -6.847 -15.599 6.393 15.015
-16.873 -8.901 4.184 17.828 11.831 16.055 -18.998 -3.643 -7.163 -1.473 5.944 14.650 -0.356 -17.061 -8.335 -6.494 -11.313 9.245 6.727 -16.547 12.869 8.632 17.164 -18.210 -15.104 10.140 -2.322 -6.602 -9.385 12.833 -0.627 -3.702 -3.732 -15.375 19.742 3.224 11.915 -7.044 -7.874 -3.646 18.544 -14.981 0.935 -3.868 -15.767 -17.655 -5.482 -4.860 7.007 -0.994 -15.844 7.354 19.313 -0.065 -18.137 -16.516 2.058 16.849 0.993 9.743 -17.786 -0.090 -17.398 -18.453
4.392 -17.730 -10.922 -1.672 -16.459 19.044 -3.200 -16.105 5.335 -14.877 2.051 15.567 -15.331 -0.160 -3.682 19.391 8.449 14.737 -18.401 5.949 14.997 -14.398 9.479 8.643 10.189 -1.179 -14.380 -1.058 15.077 10.407 -7.882 14.192 10.871 -14.891 6.534 1.341 5.524 0.346 -1.199 5.353 -12.205 15.203 3.530 -3.765 12.229 -3.963 -16.166 -4.634 12.607 15.547 11.113 19.251 11.701 4.946 -5.040 -9.246 -15.605 9.993 -17.468 7.103 -4.560 -17.816 11.788 -17.767
12.187 0.678 8.829 15.159 -13.708 -19.827 6.600 18.809 -7.048 -19.246 14.743 1.514 -19.301 11.858 -15.015 -2.825 1.658 -6.810 15.150 -3.193 5.467 16.834 -7.874 -15.815 14.262 1.742 -8.166 -15.211 -1.280 -11.773 12.205 -16.392 9.095 9.048 -13.726 -3.446 10.919 -0.411 -19.760 -14.947 -7.511 2.591 -9.328 9.414 4.695 19.733 11.807 -3.467 -17.981 -17.996 -8.306 -9.523 18.498 0.425 -11.809 13.417 -18.288 3.040 -17.353 -6.515 0.145 10.599 -18.809 10.305
-12.218 14.620 5.119 9.371 -13.454 16.385 -14.175 15.363 0.994 -16.798 10.816 -15.506 0.803 -15.230 -13.121 -13.729 2.532 -17.099 12.015 -3.287 -6.888 -15.106 3.724 -5.296 -2.644 10.781 -17.803 -10.701 -10.011 -10.921 -0.090 -9.461 -3.051 5.041 -10.474 -4.015 12.928 -13.936 -4.896 -9.172 -7.864 -17.957 -3.614 3.596 17.003 -1.110 0.583 11.489 0.597 0.943 -1.140 1.712 -14.864 -2.325 -4.552 -16.221 3.711 13.712 13.117 9.748 19.777 -16.185 12.475 7.508
-17.310 2.195 -11.081 -9.077 -13.556 -19.828 -17.739 5.847 -16.046 -14.713 -0.004 -17.791 1.903 15.726 -15.712 12.988 19.062 -1.658 17.137 14.686 15.632 8.530 -6.760 -10.410 -13.253 -14.509 -14.532 19.523 -12.350 -18.036 17.405 -8.955 7.207 3.887 -12.816 19.317 14.179 19.648 -3.153 -11.739 -1.625 4.085 -7.940 14.887 9.228 15.373 -7.710 10.815 15.381 6.630 -5.712 -18.507 -11.517 -16.381 6.884 7.545 17.376 -4.807 18.088 -6.384 6.168 -16.671 16.902 -2.829
-11.300 -6.714 10.052 9.939 -1.589 -17.597 -17.048 -5.790 -7.183 1.421 -13.907 12.358 3.370 1.001 -12.524 19.160 -19.239 -7.075 16.302 -16.152 19.257 19.313 11.443 -5.341 -5.121 1.635 19.397 3.756 14.771 -13.325 10.904 -7.593 -1.516 -9.105 -2.297 12.070 11.751 9.766 -10.280 -5.784 11.541 -15.431 -10.421 5.282 14.093 -5.516 4.355 -3.633 -1.041 -16.393 -15.014 10.237 14.863 -3.632 6.992 -6.167 7.029 7.961 11.127 -19.731 -11.722 -16.136 14.228 -16.516
-12.126 -16.959 10.389 18.411 -15.780 16.519 11.695 -6.932 -7.779 0.179 -8.016 2.765 -10.867 13.862 16.216 -16.316 12.225 -9.364 3.619 1.481 3.901 12.695 9.713 -17.849 -1.992 -19.833 -12.433 0.170 4.862 -1.819 -8.713 -7.729 19.286 13.006 16.849 13.040 6.981 -4.389 12.776 -13.701 -10.206 -17.566 -3.326 -17.928 3.805 16.521 18.853 6.312 12.054 -10.623 -8.792 -6.224 8.070 -14.298 7.801 -18.387 -12.278 -9.238 3.622 -4.391 -11.958 13.624 -15.878 -11.146
-19.186 4.801 -5.824 -18.792 0.289 0.506 0.870 17.911 10.328 14.371 -3.559 -14.432 -3.305 11.772 -11.598 4.952 -0.126 2.015 -14.842 7.928 -1.706 -1.955 -1.642 8.636 -9.729 1.549 -4.179 -6.893 14.570 17.724 11.770 9.166 -19.298 -7.809 1.360 -6.010 3.563 -13.794 0.007 -14.975 -17.916 -17.218 0.525 6.319 0.140 8.506 -12.747 -3.822 11.099 3.798 -19.504 -13.992 -14.371 -7.377 4.363 5.242 -0.128 14.003 -4.581 -14.051 -17.602 -18.773 9.913 12.865
0.694 -14.807 10.651 -5.939 -7.136 -7.647 -10.964 9.182 2.717 -15.806 -6.661 -2.709 -3.968 -12.976 -7.247 -11.866 -4.932 -17.647 -19.317 9.354 2.842 -12.419 -11.192 1.306 11.296 18.241 16.302 -14.606 4.923 10.912 19.982 10.864 13.079 -13.054 -14.188 -1.556 -18.846 17.329 4.092 18.180 12.565 -15.277 -3.722 16.666 -4.110 14.948 -9.552 -15.330 -4.842 -15.118 -11.023 13.987 -3.340 -18.634 -6.891 -7.816 16.834 5.078 -5.529 -2.302 6.764 19.344 14.224 -16.416
12.944 -7.931 -7.588 -0.595 2.374 2.767 15.621 -4.908 -8.258 -18.081 3.020 2.148 3.817 9.542 -5.228 -0.694 3.369 6.025 -3.561 -19.276 3.347 -1.986 -2.615 -18.147 -1.710 18.745 -18.830 19.258 15.153 -0.994 7.383 2.092 17.890 -2.848 4.270 11.415 -8.424 -10.668 -12.397 1.453 -17.458 0.727 -7.547 8.718 0.341 -5.325 -12.460 4.621 -19.094 -17.360 -2.677 -15.400 -0.315 12.471 -18.793 -15.821 -0.569 3.713 -11.396 -18.157 16.982 17.373 -12.334 9.553
-14.762 11.880 -13.493 19.336 5.905 14.362 15.153 -9.577 -13.404 1.504 1.211 -17.207 9.237 -19.045 -18.048 -10.676 -10.278 -17.763 -4.873 -2.249 -16.700 -19.380 2.897 17.170 5.490 -7.700 -12.272 15.079 -11.639 13.461 -14.263 -2.243 8.289 14.868 4.915 1.236 10.917 15.710 -2.272 5.720 10.509 -13.216 5.290 2.115 -5.093 16.562 1.100 12.084 -15.241 -11.760 -15.754 19.741 -6.231 18.397 0.055 -6.281 -15.807 -14.708 3.415 -17.080 2.797 -3.118 13.296 1.061
-6.160 1.655 -19.760 17.170 13.864 -9.103 -10.513 2.756 13.364 7.791 17.307 -9.265 -10.527 4.573 10.158 19.061 -3.086 -5.923 -3.365 -18.796 6.975 19.512 -3.328 18.856 19.556 -0.058 -19.033 -16.256 7.649 -19.506 -17.893 9.348 19.798 15.084 10.126 -14.475 -2.574 -3.732 -2.917 7.234 -7.419 -0.941 -19.502 -12.443 -9.802 0.752 7.193 16.923 -3.861 -3.881 -5.598 -3.535 -9.772 0.653 2.252 -8.118 -5.940 18.151 -7.799 -4.165 7.550 -10.692 -6.507 17.811
15.265 -14.880 -12.825 7.027 -2.788 0.969 19.778 7.008 -8.473 -9.475 8.593 11.275 0.018 7.532 2.255 -3.269 -4.269 -4.961 7.339 4.354 -14.146 2.257 5.556 -8.076 10.822 10.142 -11.845 1.738 19.794 -10.236 1.427 -11.450 -9.948 5.580 0.044 14.840 3.086 -7.231 3.323 12.525 -4.736 9.226 18.065 18.020 -15.128 -5.583 -17.879 -14.078 7.958 -12.601 -14.544 -10.122 12.901 13.701 -3.222 7.159 -10.393 -6.777 -16.160 -14.764 -14.910 12.261 19.323 -18.277
5.540 -16.091 1.215 -6.807 13.815 10.044 -0.133 15.954 -0.903 -2.937 12.763 -18.433 -16.742 5.620 -4.213 -4.752 -6.037 -5.680 -7.112 -0.706 5.952 -14.030 -2.394 8.426 -6.135 -8.054 9.570 -4.515 19.437 13.745 -0.446 12.998 -13.563 -0.317 -10.058 19.280 -4.015 -7.563 0.134 3.738 15.596 -12.824 8.269 8.160 -18.775 7.859 -10.008 8.898 18.909 -18.707 15.677 -11.373 14.797 5.403 -19.155 -19.533 -19.308 3.531 -17.072 -17.898 -9.031 17.713 -16.307 -1.761
17.629 17.601 -5.244 -7.443 -2.620 -1.405 3.279 12.685 -5.382 -18.503 6.384 -7.188 19.790 7.144 0.116 17.258 -2.795 -6.033 15.232 -9.742 -0.357 -6.730 10.482 -16.205 -17.769 6.413 -6.833 -14.208 -12.303 -1.452 18.746 -0.346 -8.329 -9.652 3.438 -19.226 -19.953 -19.187 14.797 -11.566 -17.602 10.599 3.252 19.281 -7.903 11.495 0.979 -16.504 -4.675 -7.206 11.090 13.652 16.770 -10.139 -18.045 3.116 -18.004 4.476 -15.701 -16.093 -0.756 17.145 -7.722 18.730
-19.310 4.336 -16.597 1.352 7.550 6.946 4.069 1.724 9.139 -15.561 19.380 13.130 10.250 -4.414 9.047 10.468 -3.294 18.982 -4.710 18.923 -8.004 7.939 -3.042 -3.449 17.474 -15.158 14.115 -6.560 0.007 -17.438 0.606 -19.584 -15.203 -0.117 -2.588 -19.208 -3.339 -12.028 4.505 -11.060 3.844 -15.495 18.445 14.445 -19.336 15.264 14.361 1.541 4.383 -0.578 4.930 19.370 -12.137 3.822 -17.363 12.647 15.243 -16.358 1.698 -0.578 -15.295 -1.421 13.032 7.051
1.283 4.397 10.655 -14.006 12.169 -13.198 9.334 -10.811 6.761 -7.329 7.120 -2.484 12.658 5.702 2.054 6.172 11.225 -13.472 8.423 11.590 5.070 -19.121 10.988 12.198 -9.925 -7.520 8.820 -9.289 -11.729 -8.554 -0.701 -18.234 -15.429 -9.150 -12.829 15.730 5.725 -5.074 6.977 -10.924 6.343 1.318 10.508 17.986 9.803 -2.337 -8.823 -3.001 18.025 3.843 -18.432 -5.984 -0.420 2.557 -12.080 -8.796 15.347 -4.673 -16.449 3.258 13.541 -15.501 3.549 -18.923
-12.444 -6.077 8.936 5.599 19.636 5.126 -10.745 9.253 -6.615 -4.604 -8.387 4.285 -2.380 17.460 7.202 8.754 -2.304 3.520 -6.238 10.973 19.902 -7.792 -7.282 -19.668 7.132 8.939 -10.005 19.082 -13.897 14.197 2.748 -19.165 8.216 -12.064 6.499 -0.879 -16.582 0.943 -0.863 -15.369 -7.160 7.562 -0.624 -3.705 10.537 -13.605 -1.879 -3.837 -14.867 17.631 -1.423 0.723 16.258 -19.856 -6.588 -15.572 -5.708 4.458 8.146 9.978 10.218 -5.785 -2.122 -11.528
7.984 5.285 5.355 -0.342 -12.897 17.386 7.115 -7.201 9.993 16.584 8.763 -3.676 5.604 -14.677 -16.416 16.582 -3.851 -7.947 6.651 -4.069 4.630 -3.647 15.724 3.522 -0.474 -7.207 -9.256 -0.004 2.013 -6.254 -1.258 6.849 -4.336 -16.275 -1.207 -10.225 14.477 11.810 -8.796 12.841 12.271 0.522 -2.777 9.751 12.938 14.833 9.822 -11.316 17.010 -11.590 2.280 -6.746 -19.700 3.824 -18.589 -8.144 4.014 -4.653 11.471 7.128 -12.649 15.634 19.107 -19.757
-14.049 18.935 -15.235 -7.147 15.183 -13.114 -11.568 12.657 -0.011 18.288 -7.349 -3.467 -9.072 -17.462 -10.145 -12.043 -0.611 -6.492 -5.049 -17.292 -1.929 2.938 5.908 19.381 -13.503 -12.821 6.970 13.301 -11.459 13.182 -2.271 15.068 -6.326 13.317 -3.751 -16.548 -5.995 -4.598 10.037 -16.830 -11.532 1.779 -7.333 -1.691 -19.392 -4.791 -14.785 -10.852 -6.782 19.289 16.375 2.876 6.572 18.220 -19.884 -14.679 2.084 16.182 9.389 -5.587 -16.815 10.085 -19.729 14.611
7.155 -3.717 17.600 15.170 -17.808 -8.297 -17.866 -9.072 -7.150 -4.763 -4.891 18.682 8.530 3.515 -9.373 -2.632 0.650 10.380 -16.954 -11.919 -6.584 -19.621 -0.108 7.001 -18.303 -5.118 -2.250 -12.949 7.238 11.430 -12.883 -12.620 -5.532 10.622 13.946 15.741 3.652 -2.620 16.550 -14.670 -7.926 18.187 -7.639 -0.203 -15.664 7.433 -9.362 16.695 12.931 -17.220 -16.405 9.232 -17.159 1.941 -19.278 -6.969 -7.898 -19.090 -18.408 0.157 5.224 -3.864 -19.004 16.187
-11.220 -2.775 17.092 -1.930 16.473 18.083 3.568 -7.372 -16.898 0.341 3.792 8.027 9.172 15.658 -6.789 -5.996 13.017 18.162 -17.546 -8.636 -1.420 -12.554 -9.126 15.016 -8.007 -13.574 -3.183 -0.573 19.746 1.583 13.492 16.427 14.434 11.063 1.749 18.157 -7.306 -3.599 -14.269 -5.942 -0.848 13.295 -12.791 -13.569 15.927 14.606 16.014 -10.297 12.337 -2.973 -16.216 9.817 -11.744 0.992 14.490 -12.346 -15.994 -17.291 18.461 -13.368 15.117 -6.543 -6.337 7.381
-7.521 3.716 1.913 18.707 -7.825 6.017 -4.247 14.494 15.750 19.878 -2.625 3.501 15.451 -7.800 -4.857 -0.414 6.794 16.361 -11.275 -11.378 9.169 -0.434 3.491 15.189 -19.107 -1.502 18.761 -9.779 -12.694 19.087 4.163 9.231 17.386 15.023 -15.519 15.718 -1.046 17.039 13.550 -18.042 18.327 -1.784 -13.891 -0.901 -8.230 4.503 -7.038 -15.509 2.012 -4.348 -5.332 -6.240 8.755 18.472 -13.067 17.286 -15.329 -13.093 14.714 -17.854 16.370 -9.829 -16.474 -8.616
-19.617 -9.597 -12.941 0.284 3.963 -4.569 16.894 -4.611 -16.111 6.966 -6.648 -15.979 3.811 7.724 -6.458 15.675 -5.998 10.877 -8.693 1.969 17.181 11.513 -2.915 -5.123 -16.517 -10.513 -15.481 0.790 -13.519 3.832 -8.608 1.256 3.661 -0.556 -11.344 -10.874 12.773 7.222 0.449 15.832 15.404 -12.578 11.797 -11.955 -1.446 4.829 11.116 13.866 6.580 13.584 14.945 15.871 -6.150 -19.534 -0.914 3.412 10.548 -17.797 -16.647 -16.824 -16.207 12.788 1.775 6.592
4.030 -15.844 18.673 17.235 3.627 11.739 1.291 -5.011 2.538 -12.212 17.280 -8.975 19.161 16.995 -18.990 16.920 19.179 -0.225 -17.794 3.676 -0.470 -2.661 0.714 -0.866 -18.451 1.275 -0.639 10.629 -1.454 -12.930 16.561 11.392 4.092 -8.254 -17.929 13.157 -16.511 -18.711 19.346 10.830 0.719 -9.069 16.412 -14.446 17.388 7.348 2.418 4.131 -18.433 7.436 3.574 -9.911 -9.604 -0.375 -1.077 7.905 -5.598 -0.257 4.532 11.412 3.598 -9.858 -1.540 -0.810
-2.991 3.826 -9.177 -7.039 -5.933 16.047 -11.716 -2.179 -0.552 -15.338 -14.405 13.845 -4.654 16.760 17.057 2.566 -0.285 6.079 16.928 -9.165 -0.055 1.651 9.322 -15.618 19.106 -4.697 -12.154 14.767 -3.088 -6.322 -10.282 -14.693 -12.712 -12.309 6.298 18.155 16.952 -7.123 -15.384 7.931 -3.248 -6.164 -8.863 9.392 8.965 4.235 19.672 -1.076 -10.809 15.258 -8.180 16.640 13.771 5.280 13.569 -2.759 -13.847 0.101 -7.086 3.397 -18.199 -16.794 5.976 -11.230
15.709 -1.928 11.324 17.898 12.461 -6.997 14.637 5.038 -13.928 -13.478 -5.407 14.616 -4.382 1.886 -7.563 -15.704 17.276 9.213 0.409 -3.842 -4.704 13.508 4.989 2.860 1.724 -1.240 5.433 11.115 16.165 13.160 14.540 9.081 -6.243 -14.220 7.507 -11.874 -14.805 -6.380 16.563 5.312 13.727 1.262 4.767 -13.470 14.467 -19.241 -13.131 10.666 -16.889 2.614 -1.200 2.345 -17.278 12.655 7.788 -7.206 15.747 -3.284 8.675 15.057 12.093 11.285 -12.979 10.290
7.036 9.865 10.637 9.244 -19.854 18.615 -18.253 -13.362 -14.579 15.784 19.056 -7.358 -13.646 7.249 16.051 11.220 12.140 -18.119 -8.709 0.979 5.319 -15.372 -1.351 -5.564 19.567 -7.763 -9.527 12.939 5.537 4.800 9.290 1.178 -9.392 -5.089 -19.613 5.594 -7.939 -2.205 -16.819 6.901 -11.472 9.802 -3.788 -1.368 0.937 13.628 -2.753 13.230 9.895 13.134 18.640 11.897 -8.384 10.970 16.598 -14.610 -0.698 -11.194 -11.705 17.219 -12.066 11.960 4.286 11.808
-15.061 15.835 0.801 -17.833 -16.480 -11.002 -2.074 4.140 18.612 5.708 -7.521 -2.675 14.712 -15.301 11.207 18.439 5.229 -4.809 13.315 -18.180 -17.496 1.506 17.040 15.359 19.901 -13.139 1.238 -10.774 -8.544 17.217 -19.471 3.469 14.927 12.067 -14.038 3.719 16.813 19.626 17.391 -11.148 -13.209 -15.301 -12.901 -16.054 5.465 16.526 4.922 9.743 1.055 6.901 -8.735 -1.175 9.711 -6.864 -16.919 9.394 14.301 -17.390 0.746 5.312 18.299 -3.480 7.146 -12.948
9.329 18.826 -18.815 -1.500 9.689 13.447 4.782 7.988 -9.931 12.043 2.657 17.655 19.928 14.989 -9.225 13.222 -2.146 8.188 11.136 -4.253 -13.375 10.663 -16.674 -15.767 2.681 -5.623 8.554 4.704 -11.256 10.368 -16.018 -16.171 -8.611 -14.157 -18.691 -18.477 7.308 -17.582 -10.583 -7.045 -4.349 -3.884 2.406 12.467 -4.550 -6.841 12.234 10.202 2.519 -0.292 8.856 -17.520 -11.945 -15.761 10.338 -2.085 -16.827 6.829 -0.344 -4.703 -9.072 13.264 2.671 18.990
5.659 -17.033 9.496 -16.466 -18.358 3.515 12.384 -14.124 -16.103 -4.191 -16.385 -5.281 0.313 -18.283 13.322 4.311 -2.443 13.131 8.774 4.720 -3.614 18.139 -2.285 -15.651 20.000 19.403 -3.492 -0.589 -12.113 12.699 7.914 -5.186 -5.458 -4.593 -1.495 10.891 -4.205 9.517 -12.093 0.020 -10.009 -14.655 -12.421 -13.109 0.349 16.025 -2.630 -18.945 13.885 -10.216 6.245 -1.778 -10.438 -12.962 -2.716 -4.193 3.271 -1.763 16.236 -19.455 -10.463 10.244 -7.718 15.245
-1.953 -5.355 -19.511 -18.143 8.132 15.585 18.750 -12.276 10.110 3.212 -17.088 -10.943 -14.251 -14.679 16.098 9.455 -17.765 -18.930 -6.190 12.381 -18.159 -4.559 10.635 5.464 -8.370 -2.469 15.277 -17.145 12.525 18.540 -8.293 -1.266 5.262 7.634 -14.986 -3.759 18.749 15.450 2.427 -15.986 -10.392 -9.509 -17.408 -13.075 -8.677 18.555 9.843 15.547 -19.151 -6.206 1.546 -12.391 -3.964 13.788 -8.988 3.437 -1.713 17.696 -8.111 10.637 -13.951 -5.717 -19.938 0.811
11.506 7.669 -16.757 -11.234 -3.951 -2.860 -5.891 9.041 14.340 10.885 -4.455 0.480 14.031 17.595 3.406 -18.363 11.100 -14.079 -11.337 6.488 7.066 8.653 -11.914 13.923 17.586 11.775 11.029 -18.586 -10.172 -13.172 15.617 12.190 11.838 -18.616 -8.584 -8.137 -9.240 2.378 4.065 8.041 -15.208 3.714 3.414 -3.051 17.839 5.120 17.033 -3.870 4.590 10.771 -11.900 -6.514 10.617 6.150 -8.624 18.513 19.646 4.077 -1.652 -13.031 -16.181 -4.734 -4.637 -0.603
9.714 -16.652 5.735 19.033 -15.745 6.324 -10.112 -13.834 2.667 -5.874 -12.837 -19.066 -2.357 19.361 5.580 10.302 6.233 -3.301 -10.078 -10.776 0.182 -17.269 -9.892 5.466 -5.262 15.725 -9.219 0.486 19.783 -9.635 18.301 -3.431 2.418 -9.476 -15.119 -2.466 -19.282 3.717 6.050 -7.130 -19.950 -6.725 8.293 5.783 2.757 -11.425 12.572 -11.757 -11.813 -19.579 10.323 -19.710 -5.379 -4.189 14.393 -5.652 14.018 -2.575 13.134 8.816 -0.259 -2.773 -1.880 19.175
-5.402 -8.673 5.624 18.429 5.589 -17.522 -6.078 -3.610 6.505 15.705 13.845 5.189 -5.060 1.857 -4.918 17.734 -18.540 5.738 -7.782 5.707 -15.398 17.063 -10.721 -15.145 3.506 18.414 -14.243 7.431 -13.052 8.905 -8.509 10.755 2.785 -17.067 17.254 -0.795 5.095 17.825 15.747 -14.432 4.522 8.507 12.003 -16.883 -15.456 18.949 18.532 -2.131 -6.697 12.495 11.862 11.128 19.433 -9.874 18.631 -13.321 -9.422 19.765 0.874 -13.114 8.618 -2.569 -19.082 -8.663
-19.715 -4.585 11.308 -11.883 14.494 -10.300 6.956 17.977 -2.765 11.576 10.081 -19.006 14.896 -2.879 -15.192 -10.449 14.419 -12.332 -15.922 -10.539 4.966 -2.211 2.842 -10.578 -7.340 -19.030 15.083 5.930 5.942 -6.034 -10.061 13.576 14.292 14.118 -5.106 -16.977 -5.219 7.257 -5.877 -15.007 3.269 7.091 -17.085 19.829 1.735 7.721 -2.103 -17.202 0.302 10.671 -16.295 3.788 7.853 15.233 -5.905 4.477 -12.538 -19.782 18.598 12.078 -19.645 13.534 16.507 8.600
1.274 -16.028 -8.862 0.490 10.106 -3.121 16.090 5.115 15.814 -14.017 -11.862 19.736 0.238 14.185 -4.301 2.798 7.965 16.118 12.337 6.436 6.002 -12.280 5.796 -5.466 -17.325 11.904 9.643 8.841 8.405 -1.045 2.050 -18.620 -9.460 -14.725 16.008 5.289 -18.185 -6.813 16.912 19.867 -8.142 4.272 8.878 -2.426 18.079 2.752 -13.451 -9.910 9.978 19.493 -11.785 -12.393 -13.122 13.299 13.498 -1.689 10.708 -5.918 9.500 12.555 -2.490 -11.675 -3.932 17.164
-14.343 9.530 -16.552 -13.040 8.469 17.867 -10.170 -10.256 -16.691 8.570 -3.084 4.406 -12.227 -14.173 7.340 12.970 -13.712 19.986 -15.147 -11.197 -17.931 2.038 -0.257 -16.627 4.510 16.395 10.800 7.394 10.111 -2.592 9.417 15.995 -12.251 12.067 17.160 16.649 -9.327 15.243 -17.432 -12.313 18.908 4.501 -17.441 -1.154 15.164 15.923 6.257 7.900 7.282 8.113 -19.988 -11.017 -4.991 9.947 0.413 4.083 -13.237 8.175 -19.658 5.132 5.523 -10.371 -9.017 -10.967
-19.533 7.649 7.310 8.835 14.131 4.545 -19.445 13.582 -9.854 13.904 17.129 -6.022 6.158 17.761 8.667 7.994 18.949 5.647 -4.891 -19.381 8.021 14.414 18.595 18.355 10.497 -14.583 17.323 4.062 18.933 -3.836 -16.644 -2.452 -15.203 0.196 1.715 9.353 -16.179 4.667 17.323 10.405 -12.819 -17.773 5.247 0.477 -8.689 14.771 1.710 -11.314 -15.404 -19.013 8.696 -18.523 -1.623 -19.019 8.820 5.897 12.867 12.723 14.426 -17.810 4.576 10.537 -8.312 4.026
4.648 -11.200 -0.542 16.150 -9.757 12.681 1.207 3.641 2.104 -2.264 -4.464 2.344 -1.031 18.349 3.816 10.886 13.746 -11.099 -6.534 -0.772 16.075 -17.878 -3.009 -8.398 -3.673 13.825 -16.841 0.942 -0.547 -19.465 -6.034 -4.922 1.854 -5.902 3.462 -3.822 7.289 -14.703 -14.065 6.678 6.117 -11.827 -3.581 -0.620 -0.725 2.405 7.999 1.164 -5.214 -6.539 18.784 13.470 -10.178 -4.426 15.271 4.527 11.507 13.568 -6.923 -2.999 -4.495 -7.374 -5.199 -2.137
10.014 15.170 6.635 -15.629 -11.902 1.671 -7.616 14.812 16.768 13.974 1.083 -5.105 19.349 10.797 2.448 -8.273 -18.922 12.581 -10.148 10.152 7.042 -18.107 -2.997 -13.460 3.524 3.352 9.375 7.242 -17.714 -6.457 -0.370 -2.411 14.245 14.680 -2.669 3.635 -12.366 -1.926 16.211 -9.950 2.205 -2.198 10.632 1.183 -3.007 18.450 19.130 5.417 15.806 -8.242 4.413 10.701 -10.434 -16.306 -14.304 16.025 11.129 -1.081 -2.680 13.949 15.726 -13.939 16.605 -8.814
-8.300 1.980 4.887 -14.871 -3.949 15.497 -2.068 3.153 -9.772 11.650 -14.754 15.404 -17.659 11.737 -10.191 -5.429 17.134 8.477 13.097 -7.728 15.445 13.855 13.718 -6.225 -16.092 5.375 13.498 -1.315 0.549 -8.858 18.982 -12.099 8.495 -18.713 8.783 -14.491 1.760 -6.861 19.084 2.114 6.993 -11.061 -12.225 -19.122 19.155 -2.554 -13.525 19.217 9.772 -11.275 8.117 -6.675 -1.166 2.032 -8.864 -15.132 17.402 -18.314 14.228 -9.700 -17.590 4.471 13.500 -12.828
0.181 -18.380 -5.271 1.450 18.280 -7.098 14.196 2.923 10.996 -0.593 -16.641 -6.961 3.882 9.118 -18.618 7.405 10.815 12.683 -2.810 -4.144 -3.589 -10.138 16.415 11.645 10.845 -7.499 -17.586 -17.702 -7.966 2.001 1.057 -16.224 -13.783 -11.636 19.985 9.607 -1.414 -1.085 -19.214 -11.739 15.278 -0.608 -15.093 16.284 1.879 16.744 -17.896 -0.159 2.081 -11.320 -11.051 2.851 6.683 7.807 -19.765 9.095 3.330 15.332 -5.954 -11.643 -18.194 14.737 -13.780 5.853
17.812 12.356 -11.684 -14.039 9.782 -9.856 16.588 -13.613 2.018 -7.592 -15.885 0.422 -3.486 -0.910 3.701 19.150 13.569 -5.720 -12.455 -16.113 7.161 -18.646 -9.162 -2.222 -7.939 -6.789 1.446 -12.429 -19.873 -12.287 -12.625 17.373 10.283 10.632 -17.306 -4.805 -10.746 7.045 10.940 -14.767 -16.316 -7.234 -12.003 -4.606 8.807 0.734 15.948 19.550 15.583 -15.100 -19.230 19.032 -17.295 -19.850 -18.054 17.667 -4.460 -0.255 -5.721 7.265 15.069 -17.690 5.915 -0.956
