-33.824 100.276 -33.446 5.439 66.233 11.457 54.892 -42.211 -77.930 52.982 -31.530 -24.121 26.660 -24.591 -95.044 27.727 -80.135 -40.940 60.664 -49.091 -57.089 -20.924 -27.808 -84.496 75.332 93.335 47.873 1.543 5.354 28.654 15.506 44.106 15.622 -10.821 -70.608 -4.849 61.323 -72.969 -23.331 -91.861 120.745 -19.766 -3.235 -68.396 3.735 6.607 3.451 14.091 53.063 -12.177 -41.843 68.655 59.412 -3.189 34.401 -42.764 -52.517 16.140 119.637 -19.476 49.872 9.043 -32.015 -53.791
44.305 57.877 -82.736 108.555 -54.430 -61.694 57.293 20.774 41.384 136.712 -30.057 71.364 48.919 -79.078 -50.798 17.797 -30.077 85.830 22.486 -46.673 3.374 -24.504 -28.181 -7.368 59.573 43.568 -21.639 -86.155 -22.434 26.365 66.972 39.212 -72.039 26.673 8.579 116.648 -34.635 -64.819 -36.898 17.465 20.168 11.781 18.858 33.562 8.599 -0.538 -34.607 52.580 44.057 -11.544 35.582 2.290 69.136 -23.435 -107.103 -123.121 -84.208 81.466 73.376 24.442 81.435 52.022 28.937 67.913
47.168 -109.745 97.670 98.472 -17.389 95.311 54.256 -73.010 7.756 -31.987 -29.764 21.668 -34.431 -89.967 -24.386 -4.461 43.021 44.028 -84.931 17.833 40.794 29.699 -54.221 57.708 47.544 96.421 -22.256 48.801 40.085 16.651 55.613 -23.667 -74.069 -33.222 -39.141 -16.577 -99.814 -94.912 -21.861 -15.972 61.731 -49.129 -53.542 24.985 74.853 -23.423 46.554 -33.491 20.800 7.983 26.554 110.635 27.017 -18.984 -37.903 -4.371 -68.886 96.610 1.784 4.790 8.192 -28.582 8.399 30.310
-12.452 38.112 104.319 -59.897 -15.407 32.320 -33.787 2.247 19.035 -55.112 -91.256 5.177 -49.426 57.225 -46.564 16.946 -38.779 -4.411 15.861 -49.141 65.084 6.404 -93.258 59.076 48.323 22.513 -79.128 -6.483 -48.234 -35.705 18.082 -89.272 -45.683 39.131 38.070 -97.793 -83.790 38.552 -56.539 38.115 49.380 2.174 1.839 55.768 -75.504 -61.135 41.239 42.577 59.163 -42.194 -29.215 79.725 -54.158 -41.329 40.119 -17.472 65.202 113.367 21.630 124.504 64.155 92.278 9.119 44.275
31.440 60.464 92.076 26.784 144.906 12.545 -8.747 -21.899 68.159 39.072 -10.394 -37.884 22.200 31.566 -81.917 0.755 -57.307 62.256 5.246 129.091 0.722 -33.136 -95.112 42.775 -55.311 -63.217 78.836 58.057 -53.136 -38.170 3.925 -60.191 -22.296 -60.944 5.349 -135.176 -8.926 -64.652 -141.274 35.493 14.993 24.598 34.966 21.323 53.648 58.914 18.266 43.758 61.167 25.840 42.807 -30.738 -24.839 32.151 -20.434 -72.408 -2.744 -50.794 59.108 32.084 18.079 14.570 111.651 39.519
39.236 -12.102 -19.504 -4.899 -24.913 30.193 -49.545 -19.837 -63.516 -70.169 9.733 43.192 86.027 -89.879 -46.374 -11.321 3.510 81.438 -26.333 -32.073 -20.591 51.047 121.120 23.558 15.059 36.925 81.546 -12.372 -42.826 -23.531 -120.145 12.472 -28.438 113.339 -51.432 -15.738 -1.617 26.354 54.433 83.439 35.513 0.032 -9.411 -3.970 -16.239 -14.406 -38.126 12.569 33.787 -56.586 -29.447 -7.955 35.969 20.889 17.490 88.188 11.475 11.615 86.499 -24.756 -5.293 -28.372 -1.096 -80.242
7.857 29.122 90.802 22.345 30.741 8.061 -32.234 29.952 42.093 85.529 6.077 43.804 -12.274 -91.399 -11.372 -172.083 88.045 28.919 72.917 -42.003 41.645 -1.484 -86.164 -130.226 28.254 -31.865 -22.252 -75.149 47.186 -25.080 44.417 9.916 14.828 9.648 -72.847 -69.595 -3.132 -4.530 17.980 86.488 -10.055 -110.377 -34.537 88.396 13.611 105.532 46.977 71.292 -38.583 -39.508 21.228 15.895 -64.402 -85.214 25.566 -32.508 -0.578 92.736 -63.878 -59.874 50.991 -86.285 -15.574 53.410
-32.197 75.925 0.891 13.273 -7.825 -13.441 -36.255 -45.951 15.336 42.942 31.151 -73.034 -122.383 -32.919 -62.197 -51.666 82.098 -51.006 -36.813 -63.185 65.410 -6.973 -9.356 73.617 51.198 34.378 33.863 15.346 16.357 -90.822 -37.124 -42.242 43.321 54.011 -91.429 -5.209 -48.754 64.335 9.578 71.420 -6.915 -83.534 30.080 -35.919 37.673 -53.416 -48.118 -2.035 -4.796 -59.996 6.061 80.483 -24.049 42.196 -75.476 22.228 113.494 -8.923 -31.397 57.319 -12.285 -74.943 -2.448 -18.541
46.859 58.895 74.568 -47.309 -11.291 75.133 -10.007 76.784 -12.961 85.110 17.760 -70.118 12.164 6.779 -98.178 12.006 120.859 -7.364 68.058 84.645 -2.470 -21.017 22.729 -14.857 -46.926 -89.436 9.449 8.405 29.785 11.768 9.322 -44.659 6.501 73.703 -55.659 -16.939 16.203 33.399 72.320 83.738 -103.230 -11.794 114.557 -60.566 44.291 -6.731 46.167 13.527 -75.305 -18.672 -105.074 -17.622 -41.073 -65.943 -91.880 36.622 -83.217 4.848 -13.576 58.844 -81.085 25.306 20.100 55.658
57.881 62.022 33.507 -136.340 7.685 -103.983 -23.869 72.023 -14.336 53.824 -106.564 -82.711 -27.397 -94.072 5.375 65.767 93.766 -39.122 -8.377 -54.613 -84.161 76.200 13.329 -50.514 28.548 -31.806 16.895 -67.735 -175.408 -49.449 -50.021 -27.498 54.074 -40.519 -50.356 -40.711 -85.233 -103.326 67.600 20.700 -91.196 -1.813 -56.500 -62.982 -10.113 -80.752 -62.312 -133.121 16.189 -8.329 -16.713 41.055 6.792 49.630 43.852 41.912 83.394 73.350 42.941 -4.552 50.253 -67.407 -2.656 -27.235
74.125 50.163 -43.882 99.949 60.538 26.879 30.147 67.344 56.429 -41.488 16.002 -7.553 -6.930 50.507 50.452 16.345 -12.288 -2.155 95.764 3.417 1.134 10.043 -86.398 -27.320 -50.458 51.388 12.359 -54.362 -57.742 -0.254 4.315 94.478 -25.496 36.768 -66.475 21.925 -52.576 17.868 25.732 16.487 -95.258 51.481 1.604 32.425 -53.090 54.691 -3.340 24.443 45.648 -66.801 -57.567 -57.827 45.250 -11.920 -22.403 6.528 9.310 -20.158 41.745 -85.611 13.832 -38.279 41.957 -62.495
43.141 -73.667 53.650 19.701 -49.571 -67.599 53.820 88.416 11.471 -31.949 -5.660 -146.282 20.021 136.975 59.287 107.456 33.194 43.125 -103.948 -101.493 43.020 -8.002 16.753 -68.542 41.592 3.379 -143.525 -71.140 -47.972 -111.554 52.111 -56.741 18.236 -57.119 33.900 -160.659 -82.276 -68.583 -21.448 -34.071 -65.255 -24.208 -42.661 -18.809 -7.670 13.308 -37.664 26.566 -39.512 3.580 -45.334 41.591 86.770 0.078 85.317 55.881 -72.425 -6.266 -25.893 -28.318 3.924 -12.489 -92.229 -31.877
-28.624 -15.211 84.014 43.688 -1.649 9.857 45.246 77.488 63.897 42.855 22.642 4.272 79.292 -9.753 -16.593 -25.625 -50.693 -50.411 16.063 44.663 87.247 -1.162 5.907 -21.289 61.840 -21.757 -7.314 40.010 19.808 49.036 33.440 -64.417 -50.472 6.291 -92.771 -94.940 -43.793 -69.307 47.661 -30.519 -36.999 -77.977 69.321 -18.260 49.710 49.990 83.958 58.563 27.083 32.903 16.849 -20.609 -30.397 -38.608 88.752 -11.874 -69.672 19.598 -25.596 -71.476 49.808 85.621 46.195 -10.352
-42.267 -13.898 90.816 3.649 62.121 -38.226 -2.496 -35.099 25.990 -24.891 -93.647 -50.412 -39.562 82.662 69.634 21.010 71.445 -55.939 51.828 19.874 27.433 -33.996 -0.417 -32.736 -94.191 -107.457 7.161 -62.010 -125.152 -40.734 -44.271 -19.878 -7.181 70.021 -10.257 -2.249 -58.874 60.520 18.203 -84.517 31.346 75.136 21.951 21.930 79.434 -43.118 -34.053 -71.803 -80.937 31.944 9.128 -9.468 37.944 75.507 53.267 -24.033 -22.874 -43.980 -32.608 -17.355 44.871 15.567 25.856 14.446
-65.297 -50.273 10.665 49.248 -87.991 -65.186 20.527 30.216 27.399 43.547 -0.740 -52.113 -15.965 9.622 -97.019 22.120 -79.910 -7.152 7.110 27.827 -52.127 44.669 37.328 31.580 24.593 72.307 112.129 88.105 -38.273 -0.740 -44.521 -6.990 53.829 -33.755 -59.342 -74.496 -32.733 84.149 -74.858 -60.946 -3.730 -10.315 9.987 118.012 18.664 72.955 40.593 7.577 8.431 -43.911 41.791 -95.436 14.751 13.169 21.793 18.208 42.947 -47.637 -22.608 -14.406 10.117 23.232 -12.132 -49.245
-3.127 -4.882 115.737 -4.990 -60.809 -28.121 -39.194 34.934 95.499 19.952 -80.145 -75.901 48.801 -38.996 31.929 5.748 6.053 69.401 33.096 -4.686 -9.692 80.286 -65.600 -46.271 -22.462 -89.287 -64.805 -163.439 -30.227 23.536 -33.596 113.837 -21.543 15.411 -54.593 18.506 109.745 71.933 -127.716 74.224 -8.200 -23.727 6.237 11.910 -112.260 -12.366 -108.915 -25.984 -95.499 59.889 57.427 12.142 -3.902 102.988 33.986 0.178 -57.446 -83.502 10.345 -57.846 42.041 116.537 25.940 -47.741
-56.727 -73.383 54.060 -103.224 8.729 -77.876 -31.415 -45.385 -54.197 14.812 -36.896 5.211 -46.698 -68.405 -47.243 25.559 7.983 10.483 -73.741 -79.158 24.292 -36.055 33.957 32.179 -43.072 88.242 -6.991 -59.971 45.017 9.992 59.389 -37.440 -24.830 43.256 -80.643 -19.886 50.879 -14.146 -65.696 -24.018 -104.471 16.889 111.798 -56.262 -18.474 -31.350 -35.974 23.517 -51.368 -19.764 -19.515 -101.805 -8.270 5.777 48.102 90.140 -121.527 -28.814 14.906 4.679 14.637 -35.330 -111.417 25.264
-9.212 84.090 29.453 10.615 18.974 -10.238 37.343 82.567 135.860 40.656 5.117 -3.333 43.082 -11.359 7.075 8.877 56.694 -10.397 -1.685 41.774 -83.375 15.623 9.371 -13.642 -3.219 52.696 -136.436 -96.051 39.124 109.307 -52.813 -146.737 -14.116 -3.154 46.193 80.611 113.080 -70.331 41.086 -28.624 -107.267 71.919 -88.900 -80.128 -53.545 32.909 103.590 -10.990 -10.568 45.451 -78.413 -3.171 39.006 45.788 -9.115 -42.591 -93.130 8.563 -16.400 -56.921 14.957 43.459 7.043 72.648
-1.359 9.458 -68.420 -41.061 -25.770 -88.295 -18.584 -22.315 42.700 17.755 24.511 -70.252 9.516 -69.768 -59.666 1.666 -48.751 -56.567 58.063 -20.489 13.314 45.042 -3.775 53.750 104.175 -16.235 -135.937 -27.651 85.084 14.073 -140.733 -65.271 -7.672 33.459 -18.776 13.550 10.430 22.195 5.986 -97.606 14.319 -68.961 -32.429 -25.711 -31.541 23.229 29.411 -72.790 22.590 -33.436 2.424 -79.471 57.991 47.605 69.975 -91.607 11.569 61.594 -42.552 -70.189 -14.238 10.848 36.832 -30.020
41.859 2.602 -39.481 32.050 -105.751 -53.720 58.658 1.327 40.322 -63.797 -39.957 38.177 63.253 -4.963 23.188 45.036 85.797 6.689 59.108 -90.131 -90.178 -10.623 -16.931 73.843 53.747 -107.976 -114.869 14.740 40.700 -15.626 -74.210 -65.901 -3.156 63.207 75.819 67.472 46.110 108.856 -12.468 -22.662 -0.120 10.451 12.528 -72.246 34.930 12.093 -0.473 16.881 -61.628 -22.014 -78.588 60.426 -79.170 3.799 -24.270 -12.744 5.645 -19.324 1.354 49.669 59.744 66.371 -0.169 8.004
-2.660 -42.223 -60.379 -2.763 -83.431 12.533 33.114 105.349 23.154 -28.749 -4.539 64.835 32.022 -53.416 -120.745 -10.163 -22.074 51.227 34.887 -100.521 37.321 75.389 38.133 31.251 -32.823 -17.959 81.548 109.431 -3.334 9.624 -48.624 56.249 -7.098 60.552 -45.246 -17.068 -59.836 20.867 -46.789 -33.612 -138.283 -4.977 -71.479 -5.926 -77.750 -22.141 0.153 40.635 -33.125 -22.397 4.885 25.549 -30.718 26.190 -54.336 -61.441 36.735 17.938 -16.878 -32.273 48.346 -13.310 9.700 -117.005
-15.277 -88.133 -48.914 16.133 -54.258 -42.750 -39.780 -12.673 -68.326 -5.183 -26.977 63.781 -17.341 -39.804 -58.250 24.746 17.778 19.111 -152.692 -102.948 4.568 -32.986 24.607 -13.329 1.405 -79.203 21.471 0.683 -9.529 -46.530 -73.451 -94.752 -42.074 63.291 -13.396 21.058 41.265 45.922 59.310 -34.236 -14.269 -45.395 -23.359 -55.277 -21.288 13.145 -32.297 -54.372 33.228 26.093 12.968 -107.604 -26.580 17.085 -28.049 35.127 -6.555 66.636 128.725 32.381 27.544 32.515 -83.291 -48.287
-45.989 -55.690 48.558 42.327 12.740 68.429 -97.431 46.197 31.080 -23.584 -49.166 -83.231 32.284 27.457 24.144 48.143 26.451 -22.968 -28.264 -36.537 -12.019 -32.582 -50.095 -6.752 -14.417 146.078 88.488 76.190 88.555 134.659 87.217 -32.109 -42.085 -68.870 29.239 -23.187 2.943 12.446 -38.203 -112.104 -51.549 32.992 9.694 -38.729 6.786 -53.095 -48.755 11.824 16.866 -75.337 -10.577 -60.334 -25.892 2.566 -17.357 34.629 -48.084 40.150 -5.322 -70.326 -25.689 -19.669 -51.227 -16.109
-80.845 -11.161 -3.137 -20.400 11.042 -25.019 -3.609 31.109 -64.850 -22.892 -10.046 49.833 33.250 -83.547 -40.734 -4.175 -122.712 -66.258 -119.741 13.334 19.015 -68.356 -76.492 -118.306 41.402 56.496 -50.061 -18.108 37.325 1.251 -13.255 2.939 -49.757 41.832 -10.668 12.737 -42.119 55.808 -60.689 -90.591 47.399 -8.840 -12.797 120.155 -46.872 -111.922 -19.858 130.998 -45.117 -66.473 77.361 10.517 42.880 15.547 -64.252 57.463 -1.777 24.285 18.112 44.218 8.149 -25.681 -74.325 -47.347
-23.174 29.977 61.025 127.909 -51.167 -45.842 -75.275 -71.227 -77.657 -96.666 48.489 56.975 59.966 42.830 89.796 -28.671 -80.398 -67.615 -57.885 -49.683 -20.741 25.726 -65.085 -28.638 130.096 21.658 -34.364 94.440 81.336 47.865 51.478 -81.719 -48.510 143.382 12.617 -84.901 -3.687 34.534 -1.195 79.569 67.447 -73.542 42.087 -29.372 -45.148 -3.755 51.034 70.419 -39.225 43.306 -23.578 70.450 -8.082 -26.342 3.917 32.589 -73.195 -42.446 -91.663 -28.452 -32.323 -43.792 2.471 -54.473
-69.128 -84.507 -6.170 39.461 -46.836 44.186 -19.653 -43.973 -51.847 41.521 37.973 19.225 -37.407 -80.139 8.635 -97.908 -120.072 -65.064 45.353 -94.972 -57.948 -124.530 -139.387 66.315 55.047 -106.746 -29.195 141.924 90.193 41.182 48.971 -107.517 5.040 37.619 11.503 49.382 69.369 -83.523 57.754 103.970 -31.915 -40.332 16.176 -49.454 35.599 -3.868 -36.196 44.417 64.068 -37.905 51.845 1.772 -82.274 51.244 -36.675 -74.623 -21.766 -21.749 -40.148 45.605 -37.328 37.829 -173.557 -49.135
-24.995 22.041 48.170 -28.489 6.544 -34.308 -26.947 -166.954 58.374 20.335 -4.824 144.494 -48.496 46.348 -8.510 -8.508 -84.744 -3.749 104.248 -18.564 70.766 -10.977 -22.251 -11.210 -80.675 -22.286 50.602 35.543 106.236 52.413 42.513 26.063 33.370 22.645 -86.794 -23.010 -39.046 -12.333 124.189 0.633 -135.504 -88.514 -54.416 91.541 122.943 14.984 -24.656 93.314 -0.871 -91.721 48.553 -55.198 78.643 83.049 -10.249 -37.670 58.756 -49.346 9.482 -55.987 -13.391 -51.523 -59.287 9.741
-39.751 10.649 -16.478 47.195 12.602 66.066 6.042 48.372 58.369 -100.629 16.698 -6.728 -104.245 15.496 -84.549 1.560 -130.234 55.985 -48.568 -74.842 -10.249 -102.978 -24.078 8.522 -11.928 21.447 109.270 56.690 -30.805 -90.040 39.132 -26.949 6.470 93.519 -0.465 -4.048 6.879 -12.004 120.694 -50.333 -3.523 12.996 59.737 10.173 -32.166 9.307 -78.546 43.843 -130.409 -33.988 36.115 -61.813 5.589 -39.507 -117.353 17.486 -24.912 -35.245 17.198 -61.288 44.393 34.462 -116.059 -5.179
-38.300 -33.970 63.324 18.878 -32.428 40.208 -50.706 3.774 -14.180 14.760 3.669 -23.956 61.823 -6.801 71.045 26.820 7.074 121.446 -22.023 92.537 -76.220 -43.298 -9.586 -0.964 10.614 -18.121 12.555 29.131 -36.288 30.371 144.594 4.595 54.587 -16.561 -34.775 66.798 23.016 35.330 27.848 -61.626 -124.120 2.158 34.069 45.287 96.876 3.568 -19.523 -36.284 -104.570 42.394 15.182 46.820 65.498 -111.904 -77.270 47.591 7.995 85.251 -90.356 -42.164 78.751 -47.628 -43.800 114.271
-30.479 68.412 -5.358 -35.655 28.294 49.755 60.895 32.503 62.646 23.586 -56.811 69.462 1.891 55.139 6.541 -3.675 -49.557 -63.751 38.155 31.547 -31.387 111.186 19.106 8.320 -77.474 -50.201 -19.815 -85.593 31.791 98.084 139.890 29.166 -12.790 -74.652 -42.279 120.229 -8.508 -26.378 94.929 -49.305 70.496 44.134 -28.110 -50.880 -24.551 -29.670 -74.947 -51.421 46.548 59.556 -60.740 -35.030 -50.404 -100.927 -61.181 -100.246 36.175 20.091 -116.714 109.855 17.326 -71.446 64.129 46.117
6.526 31.112 15.109 108.716 -75.322 48.256 -85.932 -27.951 29.412 -13.759 34.180 -16.373 -1.699 42.062 34.091 5.836 -49.104 12.100 -6.549 6.990 -10.571 36.667 46.977 -50.249 -67.603 -19.844 -30.593 16.031 12.124 68.252 18.789 -79.734 0.737 -1.775 138.552 78.281 -72.649 72.506 -88.633 -70.420 -118.042 39.500 -48.082 9.925 -16.922 43.779 -59.876 9.097 -70.985 55.742 32.260 -4.409 -123.179 -61.161 -41.721 -41.532 84.672 2.515 33.196 109.371 -64.784 77.544 62.119 -5.334
-40.945 -40.353 87.362 -46.386 -89.695 13.319 -89.451 76.224 88.280 -26.436 -59.790 -12.788 108.589 56.974 -22.377 -75.453 -17.890 21.826 85.542 49.016 22.652 83.944 -64.892 -148.798 -77.752 -130.846 3.571 50.926 95.164 38.345 -57.370 -88.566 -98.819 -2.300 20.413 8.397 0.564 51.323 -75.170 47.123 56.651 69.897 0.031 17.333 73.267 -41.775 29.150 34.087 -25.705 74.024 -53.127 30.635 -48.468 -6.821 -120.169 7.411 -5.065 14.571 13.523 -41.248 -98.447 123.124 53.691 75.539
5.119 174.288 14.756 -85.858 -2.587 -63.229 -20.160 85.377 41.170 -0.550 -30.623 64.287 73.382 17.966 -27.415 -15.556 -116.484 57.361 -53.447 -10.947 -5.038 -6.948 -77.197 -63.894 -40.684 -52.411 -68.064 71.636 -2.327 -11.532 -97.881 -49.592 10.724 74.939 128.308 -58.081 -33.710 -64.658 -39.644 -62.573 -54.593 -30.798 -21.310 50.460 51.423 31.914 86.243 -29.279 5.703 -1.206 -17.479 58.630 -12.652 -68.340 -62.167 57.343 12.221 109.033 5.764 -71.263 -12.540 62.980 -4.545 -32.066
47.520 29.192 -107.190 30.166 -72.943 33.848 55.747 41.310 -34.178 -87.047 15.177 60.923 59.567 30.297 -56.311 -35.028 -11.124 46.027 -4.474 51.898 24.198 44.677 45.190 16.465 51.475 -22.943 47.929 92.461 23.592 40.756 -45.297 -12.988 -61.984 -15.890 9.703 -17.998 -26.046 68.220 35.687 46.399 -13.504 76.556 45.229 4.327 7.238 14.386 13.686 -18.112 -53.678 -30.082 -71.474 -7.720 -47.658 -49.170 -73.327 69.168 6.909 38.489 -75.809 -26.382 60.167 67.758 -5.933 -15.583
103.970 -11.932 -19.180 -27.727 -33.326 12.630 40.018 14.867 -90.782 9.008 23.007 23.913 11.588 -89.660 9.461 -103.173 34.796 89.928 -54.132 -83.435 21.234 -3.730 13.417 70.834 18.946 -90.255 8.493 18.913 -43.437 29.533 -50.856 29.456 -0.676 91.790 65.810 -67.177 15.933 34.636 -40.000 -74.222 74.315 -2.915 14.011 16.305 86.149 48.739 13.616 2.484 -11.919 17.798 5.830 21.847 53.111 9.816 29.900 74.401 110.448 -40.382 -7.858 -28.760 -43.876 -30.372 -28.240 -54.187
27.287 -39.176 -11.390 125.491 24.131 143.473 8.700 55.183 27.915 33.452 -31.937 74.058 -51.863 20.864 2.565 -21.697 88.776 28.559 -71.747 72.747 78.917 93.669 46.183 22.195 3.070 -16.145 125.286 -71.612 28.773 46.140 -80.960 43.805 -20.430 1.072 -20.704 -15.527 86.669 6.017 -22.263 96.983 113.320 14.105 37.623 20.216 31.031 -37.811 -19.862 -122.826 -10.065 -92.254 8.689 15.372 -26.644 -45.109 85.545 111.189 30.220 -80.834 2.735 19.581 -36.315 -66.330 -66.258 25.552
3.692 -33.851 83.085 24.702 -8.347 -1.760 -61.290 -24.366 -10.661 -20.434 -13.133 28.501 17.872 2.060 4.956 14.371 -49.620 -36.246 -24.472 -23.174 52.465 60.378 -36.820 59.283 5.841 116.729 20.167 -6.950 11.084 -78.318 -30.833 169.937 66.277 49.026 -50.815 65.342 51.517 -43.698 39.805 24.735 -60.520 -59.464 -14.740 53.053 23.857 39.705 -6.417 36.086 86.535 -29.597 109.719 11.204 -41.829 118.638 12.619 14.498 7.688 34.190 84.276 42.267 -68.766 -32.939 3.764 63.863
-18.888 108.621 67.386 14.827 28.526 37.348 25.489 -6.804 84.538 -57.734 -6.048 76.313 1.806 -66.980 91.406 -20.483 -27.158 20.529 -53.492 61.388 122.434 -0.557 -13.059 -95.645 8.735 -2.252 -47.841 -9.999 14.883 -107.893 79.114 36.691 16.616 -65.682 -21.746 -49.897 22.595 -86.332 51.190 39.337 56.148 39.071 27.090 65.563 71.732 -71.151 -101.150 92.139 -1.628 47.245 44.144 -85.331 13.725 85.145 44.957 46.836 -9.420 -26.974 75.341 20.959 -24.421 -36.176 -42.623 -86.647
39.707 130.603 37.803 -37.436 -67.992 46.295 -40.848 100.779 65.919 -65.818 22.198 69.275 -85.919 1.325 -85.197 -41.630 -26.931 82.398 -36.469 -27.866 -29.052 -20.374 -79.146 93.927 138.294 82.121 49.998 -9.527 -103.543 13.955 140.082 86.622 117.016 27.194 -58.356 14.808 34.590 -58.433 14.022 51.653 -22.533 81.193 8.507 49.857 12.656 -38.254 -17.798 130.067 -37.423 83.926 3.150 21.906 42.911 6.387 -26.875 32.645 82.896 34.404 7.217 32.174 -24.601 -21.387 29.739 -21.706
64.556 68.920 -7.017 -26.804 45.291 101.881 -22.356 38.830 -14.244 -68.980 -40.403 -57.708 -13.936 -79.127 28.449 56.087 -22.765 -14.385 -43.941 -18.711 95.565 -71.527 5.811 -24.602 -23.572 4.666 40.469 -6.488 9.608 70.042 71.184 2.805 -10.161 -146.862 -43.958 13.002 -51.766 -76.038 6.931 -71.594 -44.996 89.472 44.754 56.948 -7.319 -37.905 114.642 -32.622 -66.347 10.584 -72.722 -6.288 30.550 117.204 2.066 7.333 -27.847 -1.917 35.679 67.255 -73.768 -17.956 -137.228 6.126
99.258 75.118 4.531 -157.216 28.996 34.202 25.666 58.397 -24.553 -36.297 -55.031 33.430 13.013 -63.246 10.940 70.328 91.583 5.358 -112.786 -26.323 69.108 24.491 40.584 80.929 91.555 1.359 -41.542 49.377 35.500 35.235 -1.767 85.663 -98.132 -58.907 96.884 -65.194 -23.418 -59.327 111.420 58.033 59.181 -11.334 44.087 74.130 -8.533 59.402 -6.295 -70.171 -37.385 3.638 29.253 -6.114 31.567 -27.322 3.135 -52.175 -120.665 -87.925 -70.985 -63.603 -63.678 -27.295 9.573 7.753
43.590 60.125 10.087 87.913 100.668 -39.822 48.709 41.097 3.328 8.378 -64.528 0.690 -67.260 -55.559 19.519 33.759 -3.473 -32.378 -79.765 67.001 109.496 -15.352 26.552 3.555 -21.808 -120.567 39.122 129.406 103.458 13.122 85.714 -41.265 -123.148 31.122 32.938 -34.461 -46.077 -61.444 -94.349 -60.372 -64.004 -26.163 101.464 31.804 16.552 29.206 -79.106 -44.099 -91.578 32.566 37.440 134.752 -42.142 40.502 22.404 37.545 10.759 -52.562 -62.143 2.488 -47.449 11.762 12.545 -6.353
34.549 9.843 -57.078 30.370 10.844 98.350 -7.618 0.880 26.639 71.996 59.918 43.737 -22.649 -65.425 28.532 -14.448 -74.469 -121.848 -95.956 96.267 -4.635 -11.756 -11.562 44.780 -10.985 -20.373 15.766 12.418 -34.361 -28.472 50.652 -108.991 -43.780 -2.885 85.052 -75.934 19.955 47.681 86.815 -28.435 -19.897 63.856 176.414 36.064 24.061 -36.888 -57.836 -30.412 -95.536 -47.634 1.419 -17.980 -34.705 -55.647 -108.015 -112.620 -100.596 -120.279 -7.983 -8.203 -78.362 94.676 -11.846 -2.240
32.549 96.846 12.139 9.416 2.294 24.515 43.065 11.443 -31.457 -10.296 -29.169 23.539 -18.040 17.225 51.887 32.960 55.925 33.230 45.086 122.042 7.669 37.504 -27.832 -3.843 -34.470 91.193 72.695 109.817 48.017 93.198 -7.478 -13.988 -52.626 80.191 -39.321 -66.045 -59.476 74.962 45.287 -89.872 -37.823 -40.578 -20.435 13.413 -55.779 -7.977 22.094 25.161 19.846 5.699 73.937 -26.389 50.238 18.779 69.959 24.450 -7.946 -101.342 125.163 -71.142 38.300 6.806 -0.310 -18.466
2.226 -25.296 10.415 93.438 -1.289 80.277 6.975 32.927 70.292 90.401 66.324 15.322 -50.522 23.869 -110.920 -2.896 -15.249 -25.469 10.183 9.128 -82.759 5.192 3.131 33.473 108.016 4.930 -83.643 -40.039 -19.435 14.198 -4.441 -93.226 -11.958 16.852 19.642 5.885 -6.871 -35.649 -38.136 -7.535 120.458 22.877 88.063 16.100 -42.478 -15.133 -11.696 -85.547 -49.488 11.232 -36.643 -72.664 -20.509 -35.891 28.739 -25.714 -72.647 78.791 70.601 -81.732 131.026 1.169 -2.284 -9.546
-20.159 10.564 -6.027 -62.342 -48.228 37.334 -7.197 -2.654 39.787 -46.928 48.469 14.882 -20.501 -107.999 -9.738 50.488 28.465 -19.382 108.495 13.420 97.633 97.621 -22.840 78.025 101.609 57.421 71.527 71.613 -6.632 104.749 -42.594 -22.930 -50.529 3.950 -70.631 76.082 17.638 69.499 15.857 -15.391 -52.085 -92.554 51.747 -99.002 -21.421 -53.180 91.230 -18.435 73.408 20.005 82.229 34.976 44.073 86.776 7.808 -102.635 -27.825 -45.675 -60.557 -1.247 83.004 42.584 55.104 51.205
-1.346 91.072 49.671 80.079 89.473 8.043 -2.943 34.109 -1.083 -1.701 95.759 -0.526 8.183 4.410 48.448 30.174 14.037 82.811 8.657 -90.278 -0.259 16.651 89.898 38.236 -7.028 -75.540 36.210 -75.584 30.811 7.200 -73.202 -48.609 -1.184 -33.086 -39.192 -36.424 -68.384 -87.031 -46.387 50.521 -53.958 -30.452 14.667 15.748 30.123 -4.397 46.392 -48.346 -51.413 -10.344 -26.179 -59.772 74.887 17.913 -9.912 -9.498 35.144 -30.211 37.183 -0.810 97.428 -17.970 -61.286 3.549
55.193 52.905 -19.816 12.151 -25.631 77.539 -35.448 16.349 -129.865 -7.277 -18.669 -138.137 -120.017 -93.266 -55.812 -39.616 26.644 98.654 12.295 38.814 7.386 75.556 15.181 -36.005 -4.081 21.591 3.353 -64.445 117.125 -78.381 -118.809 -17.616 51.316 4.648 19.088 26.914 -10.236 48.971 17.768 56.414 -71.090 -14.276 38.228 56.624 -97.891 48.773 65.780 128.548 60.812 16.647 102.142 23.225 97.491 -105.090 -19.664 -65.368 47.706 15.567 -9.833 24.701 40.188 -40.568 -10.222 70.491
41.120 38.180 107.475 23.008 30.654 -26.171 9.149 37.093 10.890 129.426 46.811 -64.728 36.413 -11.302 -62.653 -68.451 37.507 26.743 8.319 -21.719 126.331 21.076 -21.922 -56.783 3.329 4.974 -34.425 20.868 -7.030 -111.597 -38.332 -2.589 -41.193 -121.110 80.787 -64.098 -37.709 -88.628 -90.447 -25.239 -69.216 -30.522 26.010 31.813 -82.948 64.066 56.471 52.867 -36.207 4.057 -0.463 -6.466 -44.201 109.059 -7.150 13.008 -47.594 -105.687 58.490 -54.794 -11.550 -105.091 4.443 -3.825
-9.633 82.801 -13.328 -33.737 -13.740 2.394 -69.004 -99.786 -57.291 -54.900 -82.317 -29.070 -79.429 -127.428 -67.047 -14.833 64.889 23.873 -95.631 -4.030 12.075 30.290 37.936 -123.287 -62.223 -67.036 43.810 -69.639 14.474 -39.082 -73.012 27.366 -30.279 84.254 48.753 -29.118 -22.195 59.893 94.289 -6.056 -80.002 83.901 156.914 -22.779 -17.243 156.765 91.862 -21.515 -29.148 -76.674 58.696 -33.230 44.608 37.375 -53.526 44.050 -0.965 62.581 44.330 -3.040 28.680 38.345 140.823 -67.071
-44.507 40.764 -29.883 8.097 -36.707 91.623 65.904 147.743 57.082 -10.964 25.697 -50.543 -102.573 -56.552 -24.333 29.559 -28.949 -37.723 44.536 29.095 21.758 -7.317 50.945 -15.823 -24.426 94.982 -42.946 -21.506 21.432 -46.027 -51.346 -33.520 23.392 0.879 75.263 -29.621 -86.176 70.085 10.065 -97.033 23.425 14.986 20.658 -102.624 -19.487 85.115 28.109 -16.456 -13.610 -58.599 49.498 -6.958 142.061 -20.555 -77.066 9.145 -47.645 16.393 51.603 -37.768 -91.481 -8.396 -34.791 -7.631
-33.136 -87.356 4.412 5.090 92.198 -0.899 27.214 13.326 -37.801 108.511 89.054 -36.161 4.472 51.773 -10.727 -92.516 -57.386 16.496 -68.863 107.064 33.545 96.628 -63.241 -59.977 100.886 -47.519 -86.099 -67.540 -38.515 -73.367 -50.813 132.069 48.103 61.090 102.235 -25.765 55.364 52.753 -88.419 43.326 22.789 50.253 29.557 7.588 -33.893 14.009 -47.788 -63.312 53.897 -5.196 85.478 -25.709 43.583 -37.312 29.203 -71.215 -12.101 65.797 -8.055 10.840 35.339 31.949 47.526 5.451
-41.648 -56.667 -36.568 12.386 13.299 44.966 94.855 36.398 4.798 -19.552 -40.483 -79.318 -32.251 49.134 -56.395 -32.144 18.070 16.494 -50.695 -29.673 30.064 21.362 7.309 67.846 34.447 8.891 55.313 -13.538 23.506 -29.300 -49.956 -39.911 -5.757 120.037 54.581 58.517 -25.035 30.154 1.477 -26.568 -22.933 -59.365 29.666 -75.219 -48.043 -11.316 -46.853 -2.857 -12.439 100.050 -0.222 -79.317 -27.461 52.606 -82.365 -22.361 103.256 29.513 12.743 75.160 3.894 54.562 59.642 -2.305
-30.186 -61.181 81.927 91.548 61.038 104.208 19.301 78.617 19.780 29.901 -8.918 34.034 15.254 42.831 -79.546 19.878 -46.413 -96.465 29.231 64.302 50.409 -141.043 60.211 67.863 -62.699 17.935 -32.477 39.601 -82.105 55.672 62.158 75.277 137.239 34.144 18.225 5.078 -39.226 68.078 -89.363 1.878 -16.504 15.416 -10.422 -93.036 -79.426 -11.030 2.048 104.680 49.645 -14.095 -124.986 -5.263 120.859 -30.713 -24.641 22.436 51.062 -53.815 53.637 59.366 -12.542 4.856 -94.247 14.382
-17.459 -51.570 -42.348 -65.920 -35.876 -0.648 84.881 23.263 -88.133 -22.513 43.687 -21.279 40.627 15.188 58.869 60.110 -44.246 -51.699 5.925 19.489 -31.051 18.768 9.957 -43.442 7.468 -45.629 -1.121 7.022 -99.635 41.153 -16.916 86.452 21.237 -28.936 35.551 31.323 43.538 6.430 -4.798 -105.321 -87.368 -24.462 86.164 -108.487 -22.592 -123.774 32.425 14.506 61.804 28.353 8.879 81.631 31.675 -79.590 34.506 12.532 22.040 -20.679 126.317 -31.585 70.570 -20.137 81.482 24.758
27.061 -42.049 -26.920 -2.850 -44.255 -29.670 18.664 -22.067 -103.357 -59.215 -28.517 -37.612 6.817 -41.786 0.815 -106.153 -57.089 -10.406 54.363 -42.996 2.557 -111.202 -67.791 -3.070 -42.233 6.616 126.031 45.064 32.331 -6.510 55.501 66.290 13.462 -49.196 62.105 46.300 -46.824 -61.838 -24.127 15.564 -47.279 41.132 29.861 -38.076 8.816 31.798 29.290 -3.975 38.639 18.652 -44.579 38.335 -18.200 0.346 67.468 82.614 34.757 105.995 -34.881 12.633 16.755 -30.924 -69.704 -20.334
13.152 -62.578 -24.008 3.987 39.185 7.337 49.410 -99.024 -67.025 19.903 59.772 27.996 66.024 38.043 -4.014 58.766 31.055 -31.686 -30.440 90.025 -51.960 -0.846 21.221 -12.894 -9.816 27.502 41.222 24.508 53.771 24.282 102.138 -64.719 -95.002 -56.683 -30.815 68.569 86.120 29.581 -23.132 -72.937 -74.099 64.773 -91.019 -59.676 -43.042 -12.603 31.819 103.355 47.396 -38.362 -19.663 103.741 1.610 -66.317 17.381 -64.015 34.914 46.510 15.573 42.866 -81.840 53.560 24.416 59.245
-29.574 -94.761 -84.050 4.893 -32.215 -39.673 64.145 -82.005 -38.664 13.235 12.190 -28.221 22.792 -55.086 38.218 -7.164 -19.866 -108.096 70.078 4.642 21.907 -17.434 -60.340 4.338 -27.377 -12.610 64.261 66.758 -69.883 44.268 -3.336 26.039 51.558 -9.702 18.274 -6.255 -21.268 20.595 53.852 35.531 75.089 -38.717 -31.427 -37.118 29.470 -60.100 19.298 77.334 -13.736 -45.630 82.309 112.791 -69.562 -30.308 32.365 -3.814 84.691 -85.607 -54.048 -120.709 -23.292 101.486 30.570 49.970
-13.115 -15.367 -0.523 77.132 19.517 19.352 56.699 -78.011 -64.961 33.554 53.857 -30.921 -32.249 -55.038 124.812 21.853 -59.506 -21.433 30.195 15.573 41.104 -96.001 65.335 45.367 66.294 78.244 101.901 -6.268 6.552 56.411 -79.887 62.910 -89.981 30.308 -88.893 60.992 -29.619 -28.091 3.331 -68.719 -63.638 -90.006 -55.627 -19.830 43.238 -11.554 54.633 87.066 -75.992 85.819 37.231 -26.753 -38.080 -7.212 -89.516 111.525 110.296 111.421 59.736 -23.923 89.548 77.265 -17.424 -13.488
-10.911 16.912 -31.210 -27.761 47.949 49.500 59.455 -88.597 -43.651 23.490 21.502 75.671 22.989 -30.741 56.104 -16.189 -25.545 -31.346 -40.041 83.326 21.781 -47.584 46.884 -89.943 -6.313 37.141 14.029 38.947 53.641 -7.273 -8.941 -35.078 -13.558 -44.043 3.098 40.534 -66.836 70.309 49.981 -10.691 13.147 -30.954 12.716 13.656 73.154 -116.462 -22.489 11.722 -2.429 54.734 -34.017 -24.190 -36.128 -90.063 45.242 -16.759 -58.504 -17.485 -44.624 -9.847 121.349 29.755 -18.292 -42.441
46.625 -6.824 -76.000 -24.779 47.407 11.848 -54.410 -65.792 -25.078 51.771 -92.148 20.582 -52.169 -63.769 24.351 -100.967 -9.625 -11.410 -11.499 139.602 -8.011 28.964 69.566 -62.517 43.874 74.881 -16.152 30.936 -33.531 13.633 10.777 5.277 -26.034 -101.770 8.963 -53.491 -7.853 53.297 -64.243 -100.898 -46.392 2.872 8.961 -73.101 -19.601 -77.261 24.488 79.370 -74.987 -33.846 4.035 -22.857 -23.404 66.956 49.509 19.898 93.205 53.012 -12.089 76.397 48.543 -30.182 -60.208 36.672
64.009 -66.819 -34.671 90.024 93.429 96.016 -108.135 -65.941 67.349 -24.420 -97.214 -5.724 -15.174 -21.320 87.622 2.400 43.830 -140.889 25.214 12.584 -51.590 -34.518 -146.017 -37.500 42.758 22.488 22.956 83.116 -46.604 -7.878 -49.072 -67.594 -2.426 6.657 37.489 1.449 81.510 87.422 -58.439 -11.391 22.777 149.819 -27.138 2.558 -0.661 -74.331 39.018 -72.757 -36.288 89.561 -39.714 -122.434 -58.839 53.297 -43.069 95.960 43.087 88.362 45.585 52.454 55.333 -41.305 14.307 -52.353
5.508 -70.941 -28.797 -81.945 -22.144 -38.120 -61.893 5.578 109.432 -100.580 -72.267 14.887 27.920 -33.120 -68.966 30.138 78.862 -66.573 39.341 -32.932 42.160 -123.161 -78.673 53.280 28.802 87.694 74.975 40.459 20.554 81.930 38.104 -22.206 33.177 -40.393 27.402 -38.460 20.040 -26.591 -70.084 -61.233 36.933 12.442 -41.200 20.416 -6.365 54.380 -112.401 -56.087 21.261 -28.271 -37.616 -9.784 8.396 29.462 -22.132 97.948 -5.472 -36.237 -14.071 18.366 17.698 -44.739 -16.212 5.455
-0.330 61.911 8.310 48.781 20.982 20.834 -89.459 20.154 -9.917 -87.581 -3.700 42.280 -3.376 -22.139 18.920 57.368 -44.080 -88.912 -10.078 21.630 -35.006 -42.887 4.021 16.872 -19.536 -9.689 60.089 -24.501 -31.553 -8.274 -63.078 -12.617 31.820 33.571 45.542 77.671 24.624 -38.686 -19.629 -3.088 82.256 -15.558 15.068 -56.215 72.325 -58.725 -77.771 73.413 -19.341 12.656 -9.046 -126.343 47.906 -28.873 102.864 50.180 -1.262 38.926 40.789 -32.174 53.242 -112.292 0.322 28.508
