64
64
1
-17.596 13.598 -2.070 -3.928 -5.805 -15.817 14.523 1.923 -17.167 14.961 10.329 10.714 16.616 10.270 -17.936 18.006 7.664 -11.596 13.213 13.618 -5.975 -7.148 8.018 -18.855 0.213 11.398 7.093 -3.800 -0.496 14.759 8.944 1.038 4.516 11.815 -1.911 2.620 19.058 -1.905 19.295 -18.011 10.720 -9.394 12.238 -2.533 6.437 6.474 4.690 0.812 6.523 14.376 -6.950 3.372 14.362 -11.538 -6.594 -15.555 -17.715 -12.822 15.489 -11.714 2.559 0.049 -0.701 5.107
1.098 15.878 -14.979 18.064 15.981 0.265 -4.166 -3.809 -15.010 7.708 -16.355 4.783 4.011 -8.827 -8.993 -13.980 -14.623 13.589 -7.742 -15.993 7.115 -15.854 -14.500 -0.719 17.596 18.160 11.086 1.419 -1.683 1.042 13.394 17.306 -11.480 -1.196 -18.720 11.395 3.296 -15.869 -17.660 10.065 19.433 -7.046 -16.669 -1.965 -4.956 8.519 -4.025 14.958 6.753 -19.494 19.897 4.575 13.708 11.500 -0.454 -12.846 -13.062 14.437 15.551 3.591 6.031 1.325 -15.804 -16.851
19.911 -15.111 12.890 16.478 -18.366 -0.247 17.809 9.789 19.056 1.213 -8.410 -2.711 5.686 -18.566 -12.416 0.860 -7.145 15.358 -7.196 -10.597 0.512 6.200 -9.533 5.927 -7.613 14.078 -15.286 -13.108 -10.500 0.455 14.903 -2.433 -18.623 12.650 9.537 -4.473 -16.015 -14.393 0.520 -15.149 15.266 13.450 -2.245 -0.747 -3.650 -19.134 11.041 -9.982 19.801 -0.195 -18.771 17.794 10.464 -1.190 -19.363 -1.406 -15.550 18.560 17.595 16.008 19.161 12.602 13.468 16.117
-13.883 -0.358 14.238 0.153 16.505 18.143 -0.871 -6.986 4.874 7.785 -4.551 -0.615 -18.483 13.182 -11.818 18.855 6.725 -11.173 15.413 0.383 17.195 19.516 -19.127 10.861 -4.462 6.207 4.908 17.147 0.045 -17.426 2.040 4.485 -12.671 -16.865 2.634 -10.523 -13.185 -6.560 -19.743 -2.571 -3.604 6.809 -2.745 17.494 16.525 -14.440 -6.328 -6.538 3.268 15.667 -4.586 6.370 -5.550 1.027 12.737 -10.976 -15.461 -0.038 -9.352 7.796 -9.893 19.666 15.231 9.433
8.244 -2.857 11.230 -15.956 7.888 -11.984 -8.469 -9.487 -7.595 -12.295 -11.099 3.282 5.129 17.139 -6.626 -10.604 -6.320 17.534 -17.555 15.469 -6.306 12.742 -16.204 15.488 16.616 -10.668 0.162 3.838 -3.979 -13.301 -7.119 -16.779 10.274 -8.600 4.925 -18.906 4.411 14.418 -15.378 10.051 -10.969 -4.879 19.782 -6.658 -6.385 9.633 1.649 7.177 -2.812 -8.154 10.072 -7.695 -11.331 6.051 17.488 13.154 14.854 -8.714 0.891 12.549 12.737 -16.741 1.597 16.568
17.606 8.763 11.372 14.392 1.411 13.769 -12.111 0.763 16.924 6.025 -7.928 -6.727 16.126 -10.847 -14.660 -4.716 -19.053 16.988 9.617 3.859 -12.830 -16.271 3.796 -19.599 -10.433 -3.128 9.562 3.486 -2.004 2.380 -16.021 4.862 -16.249 13.128 -17.261 -4.316 -8.683 -9.593 -12.830 6.333 17.612 -13.200 -10.168 16.884 14.306 17.960 10.400 6.840 14.034 -1.717 2.389 0.926 -6.096 -10.088 -8.405 4.184 3.929 3.538 14.620 -5.497 2.179 3.625 13.699 -13.158
-0.728 -3.184 0.075 0.476 6.409 14.559 2.960 -11.464 -18.273 14.177 8.453 2.911 -4.899 -17.240 13.833 -16.565 16.837 -7.909 2.312 -18.592 16.587 18.050 17.668 -12.682 9.100 11.222 11.354 -8.770 10.028 -9.310 -10.518 -5.232 11.792 15.845 5.171 -16.897 -1.450 19.435 13.215 11.247 9.859 3.723 -19.565 3.601 -12.562 -6.510 -10.720 18.783 3.457 -18.813 -1.068 16.775 9.344 -19.092 -1.366 8.536 -2.175 15.993 1.871 -15.025 12.991 -14.630 -16.598 -8.099
-17.323 16.655 2.991 -2.754 -1.103 0.212 5.725 3.438 4.927 9.870 13.771 1.728 -1.870 -5.856 -17.760 -14.338 18.197 -2.000 16.917 -3.895 15.348 -7.933 -17.466 9.711 -8.476 -16.941 -5.244 -10.147 12.567 9.503 19.715 -7.994 -2.580 10.574 -15.776 12.796 -13.474 9.757 9.393 12.440 -12.757 -13.525 7.575 -16.722 11.092 11.327 3.812 -16.354 4.604 -1.345 -9.369 5.347 -13.521 14.770 -19.099 -15.526 19.914 -8.427 -13.255 3.791 -13.562 -18.288 13.815 14.396
5.505 -0.339 14.299 -8.100 -17.419 -4.188 -7.627 15.042 -9.887 5.265 -0.253 -18.589 -16.948 0.876 -15.586 -18.025 17.960 -14.617 -6.277 -5.754 -14.618 4.134 2.569 7.171 16.277 -10.073 14.683 -4.148 -9.353 -11.825 -4.286 2.447 -12.097 8.527 -10.261 -7.914 -10.036 -10.347 -2.906 17.907 -5.028 -17.421 19.757 -3.460 9.859 -19.992 -9.018 9.018 -13.639 4.666 -12.020 12.911 9.953 -1.712 -11.460 13.062 -6.835 16.780 -11.107 17.999 -2.703 -0.806 -13.662 8.462
12.983 5.864 18.626 -14.771 16.797 0.005 -8.948 15.809 -8.861 13.406 -9.581 -5.749 15.677 -8.466 2.534 -4.931 13.576 2.620 12.438 16.798 -12.239 7.373 8.124 -18.780 10.838 -9.427 0.810 16.309 -16.592 -2.881 -6.072 -12.569 19.674 4.030 -12.567 2.742 7.545 -9.718 18.335 7.832 -9.920 16.541 12.513 -14.930 0.094 15.015 11.491 -15.241 -3.190 -14.234 -19.314 -6.228 -14.771 0.780 -4.108 -14.384 -13.503 13.103 14.916 -5.013 15.775 -7.402 2.562 -6.843
12.057 13.648 -11.123 4.043 -15.693 -9.485 -3.669 11.630 11.253 -11.730 2.183 -15.225 -11.067 2.861 18.190 15.745 12.268 0.747 -4.570 -7.394 1.640 8.462 -10.999 -8.610 -9.341 8.017 -16.942 -18.188 -16.483 -11.378 -11.866 14.364 -18.871 17.220 -7.611 -13.247 -16.630 -7.086 -5.461 18.184 -19.393 -16.546 -19.892 10.347 -16.941 -12.300 -19.389 -13.305 13.049 0.698 -9.155 -7.186 13.707 8.806 12.024 14.226 14.788 -6.222 17.386 -9.028 16.842 -10.465 -0.724 -10.894
9.355 -7.212 12.837 15.897 19.503 -1.731 0.661 13.867 9.747 -7.024 13.675 -12.787 0.048 16.051 -2.340 4.487 -18.531 15.229 11.107 -4.717 -0.764 -16.261 6.610 -19.457 -6.258 19.815 -6.813 -15.616 -0.076 -0.376 19.375 -10.995 12.030 -18.051 16.407 -11.683 -7.880 -5.514 -6.232 -3.688 -14.281 7.311 4.101 -7.434 -9.044 5.719 7.157 13.724 -2.151 11.983 -11.019 -2.387 12.973 -9.640 14.081 13.131 -12.520 -2.095 -5.710 -19.269 -5.797 19.126 -4.025 -11.461
-11.060 -5.290 17.084 4.167 -8.583 6.324 7.947 2.710 12.929 -2.532 -8.768 -13.335 12.783 16.944 3.097 19.706 12.783 -19.283 -16.204 -14.566 19.013 -1.354 2.950 4.033 0.411 -14.263 2.374 -0.635 -17.368 -18.158 15.487 -3.196 -14.164 9.368 -6.583 -17.709 -10.228 -17.906 -8.826 -5.800 16.997 -19.373 3.020 6.681 17.148 2.433 5.364 -3.764 -10.369 7.510 8.137 -6.006 12.518 -5.404 0.948 3.719 -15.613 -11.216 -3.569 -6.627 -8.347 -12.630 1.135 -1.824
-2.850 -17.298 8.707 -3.447 4.667 -11.614 17.050 7.772 15.523 14.089 5.327 11.985 -16.305 -1.528 7.828 -19.643 -0.052 -17.429 17.407 8.513 17.185 9.644 2.892 7.452 8.418 -12.317 13.821 19.494 5.375 -0.881 -19.964 4.219 -9.315 -14.556 -17.793 -1.124 -19.454 0.386 19.889 -19.895 -19.889 6.406 9.991 -5.759 19.928 8.856 11.017 19.860 -8.284 8.167 12.062 -19.196 -15.131 7.973 4.354 -8.226 5.210 4.853 -1.958 -11.142 17.751 17.792 8.007 -1.691
-4.932 -2.873 2.755 19.403 3.583 -18.771 -19.714 -1.788 1.451 1.688 -17.147 -19.187 -0.981 11.566 -7.449 17.269 9.738 13.126 2.520 7.341 -14.946 6.480 -5.083 -17.915 -14.866 -8.852 -16.373 -0.348 -13.984 -5.381 -7.932 -9.021 18.215 18.696 3.221 0.156 12.621 18.301 -17.532 0.711 19.780 4.090 -7.506 12.428 -12.298 -1.892 -15.079 -14.612 3.091 -18.418 18.923 0.756 8.156 9.882 15.262 0.038 -1.371 -9.243 7.519 6.816 5.404 11.297 12.382 6.840
-7.266 -16.405 10.855 -3.293 -15.275 -4.519 -8.157 -16.131 0.421 5.991 -2.910 -13.501 0.971 -17.376 3.424 -1.372 -12.589 0.930 -9.098 -4.735 -19.796 10.054 11.022 2.656 11.885 12.000 18.215 -9.875 2.813 8.806 -18.006 18.749 4.234 8.526 -7.776 -6.418 -7.500 19.957 -13.005 1.339 -15.498 8.974 7.713 14.578 -3.990 11.986 -6.835 3.709 -18.434 -1.407 -4.254 7.903 -6.228 -0.110 12.387 14.239 -1.206 -15.108 -0.128 -15.523 -10.444 -2.819 -5.174 -10.470
11.370 -5.683 11.487 -16.655 15.956 -6.401 3.603 18.147 9.143 12.024 -9.298 -4.981 -0.650 -1.305 -15.736 -1.327 -3.608 11.519 6.930 -4.313 18.921 -10.092 0.388 14.255 -14.629 -6.469 -19.370 -19.555 6.592 9.406 16.535 -10.048 -18.395 5.798 -16.076 9.179 17.955 -3.640 -10.838 7.967 -13.219 -16.776 14.516 -11.312 -11.890 4.532 -12.044 -6.913 -3.264 8.393 6.255 -19.019 14.305 8.657 -13.202 14.738 -15.695 -13.481 -12.064 -11.858 10.490 17.913 -17.297 -5.795
-16.624 -2.044 4.056 -5.914 -7.944 2.657 -5.332 -19.929 -5.094 8.233 12.308 -5.480 -6.616 -17.650 4.398 7.100 7.770 -9.642 -9.874 5.657 -13.045 3.593 -6.928 -4.607 -8.298 14.716 -7.872 -16.471 -1.356 16.806 1.499 -13.163 -1.912 -0.537 -3.472 -19.921 19.879 -5.687 -9.200 -9.160 -19.227 12.955 -9.468 1.632 -18.350 -17.420 17.536 4.165 -17.283 -1.330 -11.255 -13.164 -19.492 13.978 8.990 -1.164 -9.813 2.332 16.282 8.078 -13.605 -5.111 0.187 6.547
8.997 10.667 5.946 6.345 -2.148 -11.244 13.962 18.177 16.176 -6.544 18.330 2.357 19.837 3.038 -9.228 13.877 4.748 -8.256 7.194 -18.156 -8.644 7.333 -7.997 2.344 18.769 7.516 -17.420 -17.220 3.218 9.380 -19.418 -10.729 -2.386 9.186 18.743 10.981 -4.121 11.459 11.049 -19.277 3.169 -5.203 -16.287 -13.720 8.444 13.865 18.431 -1.902 10.679 -18.083 3.721 -4.901 7.651 -9.802 6.267 -12.521 1.779 10.886 -11.742 -11.181 11.901 6.313 12.668 19.427
5.237 -5.464 -19.445 11.230 -12.296 -19.461 9.174 -2.606 19.388 -4.736 -10.560 5.671 4.920 -13.257 -16.231 -19.392 9.197 -4.867 16.727 7.159 -4.220 12.310 12.220 15.637 10.927 -9.950 -8.303 5.345 -2.583 -11.053 -15.408 -15.530 2.725 6.701 -0.648 9.901 0.778 10.787 8.778 0.003 -16.737 -11.875 11.829 -10.607 3.958 -3.533 -4.695 7.240 5.556 17.836 -16.813 14.363 0.183 19.052 -4.564 -9.507 4.724 -3.060 -15.218 -10.959 -3.551 17.429 -10.748 -14.626
-2.394 0.717 -15.919 -2.966 -11.793 -14.988 -16.775 1.102 -6.167 -12.710 -18.428 -0.441 14.462 10.745 -4.911 12.472 6.971 10.850 9.812 -19.542 -16.485 -3.650 1.182 11.053 0.082 -17.228 -10.606 10.422 3.773 9.568 -16.102 -9.795 -19.780 19.469 2.668 18.256 7.768 16.094 -5.407 14.671 2.701 17.591 -9.435 -3.799 -16.364 0.670 -9.663 -1.880 -14.710 1.689 -3.928 -2.323 -16.666 0.730 18.644 -11.095 -15.251 16.502 17.346 -3.044 8.035 -12.481 11.388 -16.662
2.801 -2.501 -8.801 -5.154 2.156 8.924 1.972 13.439 -4.341 11.604 -7.273 9.550 3.103 2.557 -14.304 -5.479 -2.685 12.050 -13.229 -6.788 11.033 -9.421 -0.682 -14.760 12.731 12.552 19.728 11.257 9.191 13.585 14.658 12.084 -15.760 0.805 -12.995 -18.622 -9.685 -5.082 -0.436 -17.519 -12.797 -10.159 3.178 -7.678 -19.062 -3.191 8.647 -8.746 -16.936 -7.354 14.306 -16.051 -4.082 -10.123 -19.277 19.560 1.749 -5.924 19.704 -2.814 -1.754 13.941 -8.393 -11.333
-9.169 -13.610 9.423 7.179 -16.614 15.272 -16.213 1.627 1.649 7.251 12.078 -13.617 -10.007 -10.816 -9.713 -5.425 -3.722 -19.265 -16.724 -8.939 6.009 -1.385 -9.073 8.055 -15.395 1.422 -1.209 -0.977 -11.560 -4.721 -7.805 -9.954 10.296 -15.865 2.704 -9.251 -1.707 13.227 1.524 -16.063 -16.462 -12.890 -0.513 2.104 8.711 -10.839 -8.448 13.707 18.854 -14.027 2.747 -6.133 -9.251 0.318 -7.329 10.574 -1.470 10.540 19.435 16.680 3.480 -4.736 -6.310 -1.934
-13.414 0.589 11.242 12.821 7.008 -14.425 -16.052 13.788 -4.656 -13.354 -18.952 -8.021 14.317 12.478 14.059 10.137 -10.451 17.117 -16.243 -18.886 -2.491 2.627 -4.636 -19.059 10.528 15.481 6.517 14.651 19.781 14.979 8.913 -13.180 -16.949 19.607 4.685 17.996 -12.855 6.655 4.631 -16.415 6.684 7.570 -10.953 14.628 -0.787 -14.314 -10.592 18.867 4.943 -18.830 0.096 -3.426 4.662 13.118 -19.929 -0.623 -2.848 -4.418 -17.596 -7.078 -5.088 1.438 -5.889 0.282
-5.650 -15.008 -12.844 14.598 -4.885 16.643 -4.636 -15.530 -6.791 -14.806 18.879 16.256 -4.111 -16.429 6.969 2.650 -18.809 -11.850 5.130 1.243 -13.189 -15.097 -18.107 -17.545 17.601 5.660 -17.003 12.974 15.832 2.461 13.149 6.358 -19.202 11.709 6.230 -3.830 1.430 -5.386 -5.700 11.023 12.540 -8.688 17.764 5.432 -7.295 -17.286 -6.493 10.287 -15.075 14.788 6.302 16.928 3.003 2.393 -5.821 5.877 -12.918 -3.134 -6.163 1.883 3.876 -12.733 -10.801 -18.507
2.811 6.550 -0.561 19.512 -11.403 -5.200 -14.214 -18.348 -12.120 0.936 9.948 11.320 14.748 -3.099 3.394 -8.172 -19.476 -19.598 6.007 -11.543 11.244 4.484 -11.650 -1.709 3.893 2.454 -14.045 -0.895 10.626 10.143 14.152 -18.052 9.931 7.995 -14.803 -16.390 12.565 0.410 13.386 15.467 2.864 -9.697 -2.632 -9.700 16.083 12.961 -12.019 8.133 16.922 -10.561 9.854 12.998 -18.291 16.291 11.531 -6.160 -4.659 -6.099 -16.396 1.843 -18.157 16.126 -13.390 -8.140
-16.514 -5.437 3.042 -10.639 6.768 -0.355 19.407 -19.446 3.918 -6.015 -16.077 18.915 -16.768 -0.111 -12.132 -7.300 -15.747 -16.704 4.544 -19.271 -7.619 -18.154 -5.230 19.383 -17.492 -18.890 19.423 9.562 11.315 -2.199 6.305 -8.949 -14.582 17.005 12.306 15.133 -5.857 -11.770 19.406 9.913 -10.698 -7.606 -12.428 0.385 15.200 6.129 -5.487 13.992 6.741 -15.236 -0.848 -15.887 4.205 -9.031 -5.042 -5.314 5.492 -8.182 -0.063 -3.504 15.601 -10.688 -19.198 0.292
-5.098 -0.368 -4.094 1.109 0.215 8.329 -12.215 -6.038 15.339 -7.412 -4.127 15.957 -8.766 13.175 0.330 15.445 -15.389 18.331 15.842 -3.187 9.673 4.787 -17.775 -17.578 8.358 -5.052 2.483 14.676 18.510 1.615 19.556 13.528 -8.589 -1.804 -5.442 -10.473 0.590 -13.095 16.286 -17.249 -19.460 -18.865 6.084 16.150 4.364 17.565 -14.257 15.059 -7.594 -16.010 1.195 -2.975 17.965 10.621 -19.994 11.071 15.781 -4.438 9.463 -16.742 -12.889 12.938 -13.675 1.572
3.198 -3.973 7.361 11.761 -9.403 13.773 15.912 14.394 -5.528 0.715 -4.016 -17.976 6.476 -9.870 -1.357 6.889 -10.146 9.176 -13.835 19.041 -13.416 -14.725 5.666 0.584 1.142 15.009 5.704 -5.053 -17.476 -12.164 17.974 -0.720 18.451 -6.025 -14.057 11.969 -1.992 -1.948 4.660 10.061 5.458 16.172 -3.473 -17.976 -2.580 -3.135 -11.935 -14.952 -14.415 17.268 -1.657 -16.379 2.403 -1.378 -16.615 -9.251 -3.411 13.917 -16.415 -2.053 17.920 2.449 -19.200 -2.691
-17.672 11.447 10.897 -6.540 3.821 -0.235 -8.718 -0.006 9.286 3.106 -11.265 9.189 -9.389 10.854 0.939 8.130 7.377 0.689 6.129 -0.069 -16.758 10.807 -4.276 11.229 -8.207 -12.035 10.074 -14.394 -6.427 -4.191 16.000 8.523 9.249 13.790 -7.652 19.562 18.891 -7.645 18.743 -17.823 -6.033 2.046 11.188 9.499 2.262 1.709 -6.400 -14.989 -14.149 11.552 15.933 5.851 -17.502 -19.861 -0.102 -11.830 3.371 15.836 -18.579 8.828 4.827 -8.808 17.799 18.407
4.427 -4.416 -14.968 16.476 -18.159 17.730 -3.685 7.351 19.470 2.410 5.998 12.998 11.128 5.268 1.861 -4.920 -19.119 0.655 4.355 15.296 13.810 16.153 3.596 -15.895 -19.404 -19.289 -11.666 15.788 16.049 18.898 16.786 -8.983 -4.584 -14.951 13.461 11.158 -7.811 18.851 -12.318 11.907 -9.128 14.432 -12.772 5.306 -5.962 5.852 -10.810 16.658 -3.498 -5.716 -7.249 9.500 -13.225 -17.434 -13.052 -16.500 5.213 -1.378 -4.790 11.277 -13.668 12.220 10.856 12.840
-0.084 2.068 15.797 7.636 -11.453 7.324 -19.727 -15.645 8.017 14.356 -0.508 -11.639 9.975 7.747 5.019 -9.224 -6.968 -14.004 2.722 8.965 -9.025 19.853 9.841 -15.470 2.588 -16.620 -1.592 0.560 14.444 4.748 -12.849 -14.287 -11.601 18.921 8.278 -1.138 -17.914 13.655 -19.955 -18.873 -17.292 -2.165 -11.185 -11.368 11.663 3.482 5.032 -3.231 -13.865 15.336 -13.651 8.767 -12.192 -3.122 -13.657 0.291 -1.547 17.044 9.956 13.774 -12.373 12.262 -11.272 -4.399
-18.363 15.143 8.912 -17.199 -10.971 -14.215 -6.689 12.290 -8.149 -16.276 -15.898 -0.327 19.335 8.123 -11.264 11.173 -9.923 19.105 -12.128 4.271 1.014 -2.393 -3.056 -12.111 -13.612 -8.155 -16.213 9.061 -4.735 4.027 -15.657 -15.219 -19.053 -16.649 14.461 0.937 3.706 -13.332 7.872 11.309 6.890 12.403 1.956 7.014 4.832 -9.605 13.331 2.096 6.369 11.174 -11.679 8.319 17.965 -5.937 -18.333 11.357 -14.883 9.797 -2.021 -16.181 -6.899 19.378 11.737 9.855
18.683 15.728 -19.998 10.565 -17.403 1.159 12.257 11.662 6.895 -9.199 5.889 8.224 -7.300 17.897 -3.658 -12.663 -4.216 9.077 -15.184 -4.854 -7.127 -18.871 -8.854 -4.948 -1.610 -16.859 -10.966 3.769 -5.724 1.603 -5.721 -0.325 -5.140 14.231 14.658 -7.475 -13.395 6.681 -11.314 7.026 -14.661 5.210 15.621 0.379 13.553 11.192 8.430 7.129 -13.334 8.580 9.466 4.439 -6.082 11.277 -19.489 15.150 2.110 2.983 -7.762 -10.286 -7.934 13.637 8.404 -18.652
3.515 -7.641 4.155 3.588 9.729 4.290 3.555 17.120 -3.502 4.569 -1.867 7.969 15.301 -16.976 8.172 -15.669 -10.527 15.753 13.605 -4.627 19.283 18.870 7.033 19.113 19.547 5.618 12.616 13.993 8.164 16.784 -3.154 19.497 -14.022 -17.819 8.572 2.458 1.405 12.884 4.619 -15.393 13.199 -5.347 10.137 -0.707 -1.021 5.591 -7.645 -6.652 -14.862 -17.997 -16.397 -8.589 -10.149 -7.251 3.570 0.047 19.342 -7.193 -0.686 7.913 2.556 -17.531 2.649 10.887
17.032 0.470 -16.043 10.686 -18.939 14.784 -13.429 -7.237 -10.004 7.057 -2.281 6.764 -19.756 -2.271 -1.980 -11.717 14.552 12.564 -17.758 4.795 6.913 15.912 14.629 14.481 14.753 -18.726 18.163 -5.977 -5.040 15.286 -12.917 8.575 14.085 8.169 -4.090 -1.300 12.725 -0.774 -8.347 0.632 12.459 -15.058 -5.644 12.104 9.581 -7.342 14.299 -5.025 7.366 -14.492 2.597 2.880 16.933 -3.668 6.874 18.628 14.232 0.241 5.842 -12.946 -13.187 -2.017 -17.854 -2.695
2.036 -2.372 5.534 15.666 15.931 14.244 -0.536 11.250 5.088 -7.751 -4.585 8.900 -0.358 -2.412 10.699 12.243 -4.474 -5.995 -2.065 -0.564 3.931 15.370 -11.405 -9.640 -7.016 18.187 -16.540 -11.618 2.533 -8.610 -17.996 16.559 0.815 9.129 -16.847 3.474 11.159 -7.702 17.448 19.940 18.343 11.997 -10.157 4.781 8.664 -5.166 -13.457 -7.606 17.726 -11.370 15.938 7.813 -19.844 18.794 10.549 14.362 0.229 -16.339 2.418 16.858 -17.422 -17.955 -15.195 2.896
-13.113 18.426 16.522 -2.514 -0.180 3.064 2.105 -11.021 11.032 -11.528 -3.345 18.469 18.316 -12.360 14.722 -14.124 -18.526 11.414 -17.414 -8.856 9.200 -16.208 0.504 1.383 8.836 19.459 16.831 -13.663 -9.316 -17.403 12.705 13.524 18.679 -2.568 8.944 -9.797 18.094 -7.861 7.842 -9.703 -10.172 6.110 -0.238 -8.197 17.548 8.142 -9.563 18.074 8.286 16.726 3.998 -8.951 7.906 9.060 -16.691 -7.369 16.314 12.777 18.944 11.800 -0.390 1.077 12.245 0.681
5.121 13.207 3.265 -3.156 -9.903 16.261 -11.615 7.417 16.787 -10.270 -8.037 17.231 -10.340 -0.251 -3.701 18.723 -16.475 0.290 3.641 13.103 9.633 16.833 -19.675 -15.417 -2.139 -5.103 11.156 19.139 -11.101 -9.438 12.430 -7.794 3.380 -1.972 -10.614 -10.466 -7.115 -19.192 -7.223 11.759 -7.300 12.868 11.207 16.084 -6.054 -0.158 -13.420 16.022 -6.392 15.577 -0.731 -11.183 -3.355 16.638 11.245 -7.132 -2.746 4.447 7.108 17.673 17.197 -8.038 -17.630 -17.020
5.546 19.066 3.586 -11.527 -18.498 8.878 10.432 17.310 9.351 -0.431 -8.870 -16.001 2.760 -16.619 -19.320 6.206 16.891 13.991 -10.521 -16.930 15.708 -19.154 12.070 18.344 9.356 3.768 9.137 0.941 2.354 1.154 19.588 16.761 19.949 -5.658 -11.971 6.786 -0.697 -17.091 13.410 11.528 -1.793 16.005 1.592 6.704 0.546 -19.923 12.890 -1.520 -14.181 16.869 10.368 9.656 -12.103 6.610 7.757 13.936 -3.298 -13.891 -9.353 9.337 -18.507 18.787 -4.771 -7.214
9.440 -0.279 15.247 -0.365 18.621 3.205 -11.208 0.120 1.179 -7.084 -18.254 -7.464 -10.082 -7.862 6.180 -1.475 -5.104 -4.120 -9.199 -13.455 2.600 7.177 -3.032 -2.557 6.351 -5.071 -8.642 12.345 11.642 18.019 -1.636 11.613 -18.996 -14.735 16.550 -14.654 19.353 -18.181 -18.832 -16.026 1.177 3.373 10.882 8.301 0.774 14.276 2.171 -10.025 -19.405 -18.670 4.014 5.748 15.652 -0.629 2.510 4.999 -4.243 1.851 -12.307 -4.958 -5.066 -15.873 1.721 13.695
15.472 15.670 -16.226 -16.216 14.144 0.133 2.239 -6.580 -11.403 10.882 -4.255 15.680 6.314 -7.213 3.679 14.404 8.193 -4.379 -19.968 4.550 19.029 -6.907 6.861 10.739 16.647 -14.729 -9.978 10.680 6.768 -15.036 2.954 -5.236 -19.521 3.259 13.048 -17.153 -11.249 17.591 12.517 7.049 -9.458 -11.667 19.429 15.816 10.154 7.773 -7.899 1.634 -19.154 -6.855 -18.085 19.707 -9.138 -1.614 -18.932 -15.734 -16.133 -14.848 -11.070 -17.675 -19.767 4.513 -4.447 1.239
0.201 15.122 11.380 14.036 -11.882 17.791 12.993 13.406 -0.086 5.411 -0.138 -5.208 -3.099 -11.975 6.248 7.715 5.844 2.684 -6.362 19.903 9.783 8.392 -2.848 -3.087 -12.737 -1.956 8.498 12.367 17.122 1.847 12.327 -13.401 -3.467 -13.032 19.584 -12.471 -14.245 -10.071 -1.611 -13.390 -8.436 -16.067 17.831 -1.445 2.266 2.352 -14.439 8.912 -0.774 9.656 9.188 -1.343 0.153 10.371 10.080 4.404 1.340 -18.974 -3.625 16.668 -18.584 7.118 -8.510 -10.698
-10.097 7.158 1.122 7.156 13.116 5.400 2.952 14.976 9.638 15.629 8.279 -0.144 -9.231 -12.263 -11.099 -15.641 -18.691 -13.702 -14.491 9.785 -5.972 2.124 -12.855 9.242 -0.920 2.595 -9.834 -2.905 -5.792 16.935 -0.316 -2.743 -19.499 8.713 8.339 12.790 -13.695 3.852 14.580 -10.625 13.367 13.315 7.288 11.097 -15.886 0.137 -6.454 -14.958 -0.676 -10.921 4.448 -8.986 0.958 -17.838 -4.623 -18.041 -4.068 -14.572 18.424 -10.062 14.930 4.208 8.040 -8.620
10.199 -2.681 -5.794 7.928 -19.159 10.978 -7.179 -6.903 -5.706 -8.080 7.849 19.401 -4.778 16.530 -6.862 14.257 8.680 6.197 0.648 8.478 -1.588 8.740 -0.555 -8.840 13.167 19.278 10.187 10.391 3.723 7.230 12.418 -2.189 7.115 -7.216 -13.672 2.510 14.801 12.251 13.679 -12.159 -9.402 -16.782 -0.095 3.654 -7.685 -0.419 18.552 -4.895 -9.496 5.182 10.619 -7.524 9.533 0.378 7.936 13.328 -13.021 -8.716 18.881 -16.169 17.046 0.604 13.482 1.968
-8.793 1.575 -0.664 12.970 0.157 2.323 2.557 -7.909 18.139 10.122 3.185 4.200 16.324 -5.761 -1.191 8.273 17.438 -2.909 12.870 -17.841 -9.300 11.998 -0.212 17.599 13.600 -6.741 -12.984 0.507 -15.659 6.318 -7.629 -0.765 -9.487 13.926 -15.942 7.196 -13.771 -19.285 -0.526 18.261 12.389 -9.825 19.363 -5.351 8.319 -17.360 12.050 -18.061 7.142 -12.456 -6.439 -4.339 -6.439 16.356 11.547 -11.548 17.612 8.458 -6.467 -3.318 16.911 -7.087 -3.336 17.882
-5.903 8.879 -12.616 -18.412 11.074 2.890 6.946 13.199 -6.894 -9.630 13.804 -14.188 -19.336 -17.078 -0.949 -3.203 -2.492 10.306 18.294 15.169 16.941 4.078 8.930 5.671 18.723 7.557 17.154 -6.309 9.651 1.382 -13.949 -9.882 -4.385 2.029 0.707 -6.411 11.664 5.651 -12.809 6.822 -2.224 -8.282 -1.864 -15.245 -3.919 -15.599 19.744 18.139 -6.669 19.518 14.994 -2.990 18.241 -4.466 -5.758 -15.915 -7.448 -19.398 5.611 -12.286 16.829 16.963 -4.507 8.354
10.151 17.874 15.474 19.510 -5.866 14.183 -11.431 9.082 -13.305 5.658 11.645 -3.095 4.457 1.348 -3.109 -4.382 1.549 17.719 -10.196 -5.064 -3.108 15.565 8.357 -11.394 -5.581 1.291 15.616 -12.682 15.944 -1.794 -12.188 -7.976 -6.504 -11.374 -1.279 -2.059 -18.437 -5.521 -19.105 -3.648 -10.668 -10.332 -0.389 18.144 -4.183 14.734 -18.338 3.950 3.043 -16.662 16.531 -16.155 18.044 -9.424 9.498 -12.719 -3.988 2.626 -1.627 3.950 9.549 -6.099 -18.077 -7.463
12.844 13.271 11.410 -6.933 7.661 2.162 -11.129 -4.669 -19.616 -11.887 0.038 -19.980 -16.956 -14.751 -6.886 -6.924 4.931 0.885 5.714 -18.707 4.624 4.125 -0.513 -19.596 -10.764 -6.816 -11.349 5.304 13.857 -18.670 -10.059 5.669 17.005 -12.275 16.221 -9.370 4.282 15.200 9.820 -2.928 -14.765 13.366 12.146 12.817 -18.764 12.719 18.574 17.693 0.413 -2.664 12.260 18.562 -13.924 1.684 -10.697 18.943 19.313 -9.786 15.137 -14.958 -2.693 -7.766 9.744 6.653
-17.539 8.401 17.646 7.019 -14.294 6.929 11.378 5.047 19.009 18.247 -12.370 -2.057 9.442 -15.433 -18.034 -15.294 0.868 14.319 -0.140 19.494 4.804 -13.617 13.493 -7.292 -0.489 -19.715 7.528 -18.690 -5.551 -1.182 -10.300 4.107 -19.266 -1.449 13.361 2.751 -15.389 -16.830 -4.653 16.063 -19.015 -18.092 12.977 -6.081 -12.380 18.890 16.645 4.370 11.596 -9.823 -2.341 -11.278 16.766 19.626 -4.085 -4.228 -19.389 -3.431 3.577 -12.475 -7.536 -14.841 18.841 -12.314
-10.286 4.090 -17.962 10.203 -3.376 -6.270 -17.930 -1.580 -12.735 -6.352 16.046 -7.935 -17.706 -5.142 -16.568 3.483 6.559 -13.391 -2.859 -8.482 19.403 13.152 -0.725 -12.689 -13.537 14.318 -18.731 -9.677 11.333 -9.236 -18.363 -7.559 16.005 1.793 3.999 -2.815 -10.656 18.320 13.445 -18.334 9.727 5.751 18.464 1.787 -1.625 16.583 2.716 -10.497 -6.833 -19.662 10.271 -14.599 18.522 7.315 -19.743 4.265 7.695 0.064 17.003 13.360 3.176 18.105 2.282 -6.744
-7.273 -14.865 2.419 -15.682 14.753 14.102 16.670 16.364 -9.172 -1.856 4.886 -14.751 -18.613 6.506 19.773 -16.469 -18.647 8.721 -16.349 16.235 -19.211 18.778 17.117 -5.444 13.184 11.523 12.431 -11.842 3.222 5.500 -19.083 5.808 -1.457 2.270 19.522 -10.974 5.225 15.951 -19.390 10.497 7.169 3.680 -10.410 -3.868 -12.645 3.407 10.316 -18.047 7.244 -12.146 16.381 -2.342 4.652 -10.930 9.261 -6.391 -2.892 15.956 3.912 0.248 -13.684 -14.489 10.435 6.460
-6.272 -15.417 1.228 13.514 11.808 13.408 13.849 6.910 16.665 16.093 16.488 11.245 11.559 7.821 -17.451 -3.593 -14.085 6.018 -4.250 8.392 16.128 -12.572 -0.929 18.426 7.409 -19.605 1.431 -16.064 -18.772 6.128 14.029 12.256 5.048 18.253 15.657 17.392 -16.653 2.319 1.761 -5.904 5.810 0.546 12.922 -13.669 -10.816 -14.202 -6.287 18.599 6.110 14.721 4.166 -3.858 -5.177 19.392 -13.829 -18.874 3.357 -6.056 -11.215 8.055 3.193 -2.636 7.714 5.260
5.724 -16.917 -6.097 -2.927 -14.362 9.618 10.631 15.414 -9.954 -2.207 -4.866 3.265 -12.470 12.431 -10.949 12.526 9.858 -13.739 -4.602 -16.027 18.999 -11.729 -1.836 8.548 -1.852 13.173 -3.790 19.972 -15.114 -9.238 -13.566 -8.383 13.123 12.373 16.720 16.474 -14.474 17.279 -9.785 -13.015 -18.422 3.318 10.758 -5.669 -17.059 -1.750 -17.874 -1.996 15.071 19.599 -18.098 -14.718 9.672 -9.199 0.242 1.406 10.555 -2.592 12.044 19.866 13.229 18.535 -14.286 11.755
-0.505 2.183 9.265 9.791 10.759 -6.089 -0.141 13.630 -5.284 -15.666 -8.751 -2.133 10.170 -0.884 3.589 -1.906 -13.853 -11.915 9.971 10.102 -18.582 -7.807 6.772 -4.776 2.005 5.641 10.310 16.649 -14.598 12.347 -0.410 18.685 7.045 -16.264 -5.502 14.761 10.703 -14.597 2.465 -1.232 -8.019 -19.991 11.178 -17.016 8.743 -14.864 14.279 0.597 -9.750 -15.708 -5.796 7.018 10.405 -6.209 15.510 4.360 13.432 -8.432 19.554 -5.994 9.566 -16.734 -7.548 -15.197
5.180 -12.943 -9.098 -6.619 -11.169 7.863 5.625 -7.372 -5.753 9.170 4.449 -11.407 15.053 5.584 15.378 -0.627 -1.697 -10.296 8.941 -7.151 16.197 -5.267 -13.792 -0.851 -13.409 -18.361 -2.826 0.701 5.713 6.191 17.388 -1.421 0.701 -16.358 -6.167 5.989 14.805 10.370 -7.454 -13.378 -15.483 -1.455 9.031 -9.839 -14.951 -4.292 5.240 0.223 7.987 16.789 8.276 18.116 -3.878 -9.886 2.051 4.944 -7.535 10.781 -6.146 -9.463 0.633 18.056 12.150 -2.815
5.756 -19.257 -16.452 -6.552 -11.662 -16.696 12.761 -14.402 -17.013 -7.680 5.066 -16.505 -14.180 2.165 -11.387 -8.149 2.591 -2.024 -10.318 18.412 -16.726 -19.894 -7.334 -6.545 -10.691 2.395 18.436 5.009 6.307 -18.566 16.588 15.315 2.896 7.944 -1.206 -10.367 -11.796 -4.331 7.748 14.090 -9.188 16.291 -4.455 8.834 6.793 -5.060 -3.261 17.785 18.324 0.570 -16.492 8.734 4.876 -8.973 12.506 10.231 19.364 2.342 -11.266 16.175 -7.479 -3.306 -4.443 19.950
9.498 4.017 -8.036 13.266 9.631 -13.807 10.825 -19.615 -18.984 5.368 19.735 9.167 1.910 -18.766 18.659 10.858 5.381 -17.902 10.199 -5.466 7.412 13.686 -6.273 10.587 17.191 -0.896 5.007 15.229 -0.171 15.453 -10.404 -16.562 -0.906 -12.990 2.914 18.599 3.925 4.450 -6.633 -10.221 9.183 -12.612 -7.236 -11.620 6.716 -4.415 13.527 9.755 -8.090 -12.687 -3.382 19.564 1.449 -14.553 -6.625 -16.475 19.530 19.352 18.598 -18.802 -17.840 12.402 -2.189 10.245
-7.882 -1.300 -10.520 6.193 7.432 -4.529 13.172 6.693 -8.453 -11.444 15.837 10.390 14.583 -11.105 8.499 -0.144 -4.698 -12.360 5.247 16.034 17.673 -10.607 11.286 -9.776 -4.986 -4.075 11.490 4.089 -6.073 8.961 -14.152 18.661 -17.980 19.607 -12.924 13.774 4.475 -0.717 16.923 4.548 3.708 -9.044 -17.323 -11.671 7.597 -16.641 -8.640 18.026 -17.919 16.761 17.968 2.236 -10.641 4.932 -18.938 -0.166 -9.508 -18.055 -15.592 -12.265 8.802 16.221 -2.387 -0.740
-9.788 0.668 0.911 -0.578 17.668 5.525 15.623 -10.573 -0.658 -6.486 -17.770 2.423 -2.722 -2.932 16.598 -7.409 -2.407 2.300 -8.781 4.048 -4.472 -15.830 19.408 -1.097 17.110 18.417 -2.387 -3.264 2.794 8.486 3.256 5.705 0.744 -17.852 -15.266 0.007 -9.552 5.334 -4.546 -18.160 -7.886 -6.651 1.777 -17.060 15.057 -5.858 3.250 14.641 6.153 13.274 -12.977 -0.589 10.848 -12.779 12.025 14.000 12.800 17.933 15.519 3.597 17.473 5.718 -1.988 -14.130
11.220 -2.421 -11.828 -13.398 18.237 11.322 -8.401 -3.256 -10.201 17.059 -18.528 12.310 6.493 -19.302 18.624 4.963 -6.381 -11.128 -19.425 16.202 3.040 -16.370 3.285 -11.127 -2.876 11.451 4.539 19.822 -2.672 1.075 -7.077 -9.229 1.868 -8.758 3.286 -15.821 -9.070 10.999 6.136 -3.676 5.157 3.025 17.446 7.919 5.493 -18.220 -16.430 14.776 -7.149 -6.120 2.195 -15.148 -11.856 6.165 6.153 -6.604 6.158 10.403 -5.581 12.115 10.217 9.148 -5.755 -3.335
18.082 -9.125 -19.849 -9.625 -17.725 12.272 -17.971 -10.920 11.060 9.589 -7.675 -14.825 -0.201 -19.629 -12.616 -12.847 16.883 -11.041 14.971 18.294 12.198 12.892 -13.903 -17.603 -2.018 15.201 -6.584 5.956 -9.468 2.203 3.516 -3.730 -2.620 -7.665 7.679 -6.726 -3.391 8.785 -11.461 -7.190 -13.927 19.724 -12.160 -15.844 0.799 -12.809 3.244 -12.879 -18.416 3.635 0.963 -7.580 -3.361 15.676 -14.877 14.745 -7.173 1.190 -3.173 4.141 4.672 -17.485 18.718 7.421
7.513 2.652 11.899 10.064 16.942 1.873 -13.634 -15.179 14.768 -18.275 -10.180 -4.610 -2.780 6.304 6.852 -0.489 8.049 -19.677 1.737 -14.060 12.372 -19.571 -18.949 13.322 -18.517 -2.024 13.283 3.591 -7.409 -2.641 -7.825 -14.169 16.958 -4.519 19.427 17.964 12.768 2.625 -10.251 -3.389 13.585 6.323 -7.689 1.611 -4.229 11.873 -14.407 -11.875 11.041 11.640 -14.388 -14.232 -18.573 11.945 2.201 13.524 14.747 18.947 1.633 -3.114 13.476 -9.821 -11.321 -0.485
-8.319 8.091 -6.619 -7.214 -10.344 14.062 -3.060 1.140 2.049 -15.813 -7.894 18.392 12.816 -9.676 -4.259 17.254 10.498 -19.924 -15.817 -9.306 -18.187 -5.294 -5.368 10.727 19.600 2.543 19.521 16.005 11.032 17.539 7.712 -6.105 -0.275 1.016 -10.047 3.526 5.764 -2.912 -2.052 -16.527 6.205 4.530 17.067 -6.542 19.940 -2.698 -16.661 13.719 -16.954 -3.655 18.150 -14.762 6.979 -19.771 16.271 16.881 -12.151 -7.321 16.418 -9.405 15.627 -18.971 -12.555 -0.275
