3
512
-0.235 0.332 0.496
-1.884 0.229 2.399
-1.450 -1.255 -0.840
1.602 1.770 -1.044
0.397 2.445 0.404
-1.607 1.429 -0.441
-1.528 1.391 -0.394
-1.110 -1.869 -2.241
0.983 -1.929 1.793
-0.403 2.121 0.655
1.233 -2.127 -2.267
2.203 -1.423 0.310
-1.400 -0.668 -2.498
0.813 2.238 0.296
1.673 0.034 0.758
1.627 -0.225 2.310
-1.539 0.628 -1.293
1.832 0.423 0.278
2.484 -1.727 0.957
-0.480 -0.727 -1.836
-2.427 -0.232 2.240
-0.986 0.961 0.869
0.007 -1.803 -0.044
1.959 0.428 0.817
-1.385 0.946 2.446
1.515 0.981 -1.690
-1.048 1.631 -0.193
0.556 0.379 -1.191
0.542 -0.964 2.367
0.539 2.230 -1.473
-1.136 -0.494 1.844
-0.157 -0.906 -0.283
0.430 -1.755 -1.796
2.480 -0.012 1.713
0.056 -2.428 0.512
2.180 -0.913 0.586
-1.405 1.496 0.563
0.040 2.101 0.094
1.215 -1.181 1.810
-0.513 -2.205 -1.381
2.430 2.051 1.477
2.020 -2.166 -0.726
2.012 0.253 2.438
1.606 0.040 0.181
1.166 1.437 2.421
0.721 -1.949 -1.416
2.165 1.347 0.355
0.981 1.687 -1.919
-1.474 -1.205 2.392
0.612 -2.101 -2.087
-1.879 -1.958 -1.508
2.436 -1.879 -0.338
-0.617 -1.177 -1.871
2.082 -1.898 1.247
-0.104 1.056 1.085
-0.037 2.488 -1.449
-0.359 0.665 -0.299
1.125 -0.727 0.046
-0.067 -0.184 -2.234
1.991 -2.052 0.112
0.901 1.144 -2.279
0.666 2.170 -0.872
-1.611 0.561 2.461
-2.235 -1.011 -1.077
-2.385 1.329 1.299
1.938 -0.145 -0.161
-1.808 -0.369 -0.816
2.272 2.228 -1.363
2.351 -1.993 -2.491
0.822 1.444 2.079
1.505 2.152 2.385
1.526 0.824 1.074
-1.975 -1.899 -1.377
-2.404 0.599 -0.604
1.823 -1.607 0.284
0.171 -0.230 -0.464
-1.591 1.894 -0.593
0.014 -2.040 1.267
0.208 0.239 1.670
-1.410 2.390 2.013
2.038 -2.204 1.368
-2.468 -2.096 -1.839
-0.832 -1.944 -1.037
-2.372 0.666 -0.990
0.665 0.914 -1.289
2.099 1.537 -1.282
-2.008 0.454 0.282
0.510 -2.061 2.248
0.813 1.438 1.283
-0.941 -0.487 2.133
-1.365 -2.312 -2.457
-2.004 2.425 1.024
-0.678 -1.734 -2.495
1.019 0.093 -0.724
1.014 -0.797 0.397
-0.072 0.960 -0.626
1.372 1.867 -1.730
-1.417 1.461 0.168
-1.414 -1.802 1.106
2.324 -1.618 1.107
0.328 2.202 1.822
-1.617 -2.401 1.166
-2.164 -0.091 -0.377
-0.267 2.106 -1.967
-0.853 0.134 1.110
-1.048 -0.279 -2.284
0.310 -1.020 -0.132
1.925 1.852 -1.864
-0.254 -2.313 1.712
2.492 2.246 2.140
-2.391 2.103 0.251
1.433 0.600 0.917
-0.842 -2.182 1.259
1.182 0.328 -0.886
2.102 2.262 -2.138
-2.394 -2.492 -0.457
-0.586 1.787 1.641
-1.316 1.658 -2.282
-0.829 1.203 -2.213
0.839 2.104 0.785
-2.364 1.590 -0.275
-0.437 -0.141 1.978
-0.108 -1.183 -1.091
0.602 -2.111 2.166
-0.149 0.154 0.362
-2.293 0.499 0.672
-1.076 -1.787 1.702
-1.860 -0.853 -2.149
0.146 -0.976 0.109
1.055 0.691 2.085
-1.491 -1.325 -0.594
-0.088 0.117 0.495
-1.561 1.997 -0.027
1.398 -0.066 -2.009
-1.130 1.512 1.115
2.046 0.242 -1.494
-1.258 2.101 1.374
1.302 1.650 0.363
-1.832 1.686 1.366
1.581 -2.097 1.307
1.076 -0.026 -0.777
-1.702 2.174 0.255
1.140 1.317 -2.021
0.356 2.237 2.399
1.034 -0.485 2.133
-0.758 0.866 2.235
1.692 -0.440 -0.788
1.880 2.235 0.386
0.036 1.347 1.165
0.612 -1.172 -1.959
-1.979 -2.472 1.864
-2.118 2.161 -0.889
-0.125 -0.557 1.216
-1.866 1.908 -1.481
-1.513 0.240 0.056
-2.202 -0.374 -0.753
1.297 2.186 0.436
-1.815 1.088 -2.306
-2.167 -0.896 -2.009
-1.569 1.258 -1.010
-1.822 0.517 0.170
2.404 1.368 -1.482
-0.442 -1.100 -0.416
-0.673 1.450 -2.414
0.336 0.831 -0.111
-0.182 -0.360 2.166
0.695 1.240 1.282
-0.090 0.825 0.864
1.081 0.887 -0.246
-0.613 -0.784 2.310
-1.121 0.495 1.604
2.480 -1.875 -0.194
0.502 1.910 1.136
-1.653 -1.084 0.991
1.634 0.496 0.346
-1.569 1.558 2.412
0.459 1.847 0.792
2.125 -1.115 -2.071
1.747 -1.754 -1.467
0.354 1.262 1.840
-0.182 -1.006 -1.971
1.413 -0.843 -0.099
2.497 0.458 2.254
2.003 2.097 1.230
-2.060 0.908 2.356
-2.211 -1.553 -0.643
1.091 -0.342 2.015
-0.828 1.759 -2.372
-0.575 0.095 -0.575
2.154 -0.778 -1.485
-1.069 -2.030 2.479
-1.811 -2.069 -1.965
-1.154 2.152 1.598
-0.715 -1.165 -0.011
0.489 -0.809 2.214
-1.372 -0.990 -1.941
1.653 1.294 1.700
1.101 -0.265 -2.376
-1.129 -0.614 -0.300
-0.117 2.273 -0.428
-1.541 -2.234 -2.391
1.587 1.708 -1.329
2.006 0.922 0.753
2.478 -0.586 -2.292
1.319 -0.653 0.907
2.485 1.160 0.471
-1.444 -0.192 -0.512
0.650 0.390 2.065
-2.317 0.610 -0.645
-1.247 1.369 -1.627
0.446 0.069 -1.708
-2.226 -1.700 -1.172
0.864 -0.027 1.839
-2.367 1.812 -0.593
0.296 0.712 1.764
0.883 -0.713 -0.836
2.252 1.923 -0.470
1.999 0.927 -1.178
-0.591 0.905 2.146
2.419 -0.921 -0.412
-1.744 -2.128 0.354
1.034 1.761 -1.980
-2.313 -0.783 1.255
-0.569 -1.164 2.306
-2.332 0.774 1.845
-0.459 -1.445 -0.606
-1.399 1.823 -1.275
0.310 1.676 1.874
1.774 1.509 -2.220
0.182 -0.902 -0.185
1.704 0.074 1.758
-0.511 -1.234 1.524
1.336 0.738 -1.638
-1.400 -2.486 2.354
-0.199 1.311 -2.500
2.096 -0.620 -1.526
-0.560 1.619 1.686
2.180 -0.372 0.197
0.768 -1.035 1.413
1.744 1.463 -1.760
1.714 0.421 -1.397
1.327 0.928 -2.016
1.105 -2.006 -1.030
-1.733 -1.608 1.009
2.213 0.630 1.009
-1.065 -1.461 2.391
0.450 0.627 -1.567
1.205 -1.647 -1.433
2.280 -2.143 0.642
1.557 -1.441 -1.829
-1.103 -0.826 -1.291
-0.459 0.232 -2.151
-0.209 1.561 -0.353
-0.324 0.191 -2.076
1.151 1.490 -0.441
1.743 -0.270 -1.330
1.473 -0.502 1.891
0.414 0.615 0.898
0.043 -0.680 -1.096
-1.533 -1.726 0.078
1.093 -1.384 -0.123
2.334 -1.320 -1.465
-0.635 -0.433 2.488
1.580 -2.391 -1.725
-2.008 -1.361 2.165
-1.835 -2.346 -2.382
0.741 -1.774 -1.729
-0.260 -0.527 0.876
-2.485 -1.255 1.001
-1.676 0.593 0.794
-2.117 2.418 2.217
1.919 -0.630 1.223
2.406 -0.577 -2.495
0.862 -1.832 -0.911
0.156 2.019 1.504
-1.483 -0.336 -2.088
0.156 2.202 -2.263
0.513 2.431 0.319
0.226 -0.888 2.275
-0.213 0.566 1.366
1.713 -0.203 -2.450
1.299 -2.304 1.955
0.637 -2.262 -2.483
-1.248 1.521 2.014
1.039 2.195 0.180
-0.444 -1.009 1.576
2.414 1.267 -1.164
2.452 -2.259 -0.687
0.738 -1.843 -0.830
-2.216 0.708 1.694
0.676 1.477 1.272
-1.037 0.113 1.250
0.795 -0.743 -0.307
-0.984 0.597 -1.131
1.266 -1.300 -2.309
-1.105 -2.231 -0.888
-0.538 1.505 2.431
-0.200 0.757 -1.101
2.160 -0.470 1.978
-2.184 0.832 -1.156
2.287 1.486 0.820
1.242 -0.964 -0.527
1.288 -0.597 -0.460
0.656 1.950 -0.008
0.856 2.283 -1.429
-2.379 -0.111 2.206
-0.022 2.462 2.280
1.004 -2.321 -1.864
1.732 -1.963 -1.774
-2.078 1.443 -0.746
1.354 -0.439 1.438
2.381 -2.249 1.555
2.399 0.072 -0.487
0.434 2.063 0.468
-1.738 1.236 -0.140
-0.740 0.713 1.548
-1.573 0.753 -0.010
-2.295 -0.331 -1.622
-1.522 0.822 2.190
2.200 -0.973 -0.825
-1.337 -1.212 0.777
-2.420 -0.051 -1.813
1.822 -1.963 -1.661
1.556 -1.511 -1.041
-0.562 -1.835 1.173
-0.128 -1.241 -1.167
-0.410 -1.724 -1.735
1.050 -0.057 -2.145
-0.807 2.018 -1.195
-2.447 0.636 0.666
-0.212 -1.797 -1.233
-0.174 0.451 -0.115
-0.619 -0.452 -0.840
0.919 0.909 -2.428
0.469 0.019 -2.142
0.729 -0.931 -1.658
1.323 0.111 -1.332
-1.991 -0.814 0.621
0.185 1.902 0.428
-2.257 0.321 2.322
-1.917 1.505 2.213
-0.917 0.018 -2.467
-1.623 1.008 -0.846
-0.389 0.359 1.646
2.439 1.908 0.951
0.027 1.338 -0.019
0.960 1.903 1.213
-0.130 0.101 1.521
1.793 1.489 -0.927
-1.937 2.001 1.923
1.087 -1.030 -1.491
-1.590 0.582 -2.039
0.859 -1.459 0.310
-0.921 1.778 2.457
1.277 -2.266 1.798
-0.869 -1.232 -0.838
0.845 -1.915 0.409
0.458 -1.731 0.080
-0.215 -0.499 -1.328
2.316 -0.917 0.588
1.214 -0.804 1.773
2.015 -1.734 1.429
1.866 1.694 -1.015
1.927 1.280 0.267
-0.666 0.578 1.173
-2.126 2.487 1.424
-0.076 0.620 -1.247
-1.472 -1.474 1.932
-1.848 -1.063 0.583
1.488 0.767 0.286
2.029 -1.040 2.328
0.363 -1.400 -2.402
1.668 2.156 1.079
-2.255 1.505 0.469
-2.320 -2.401 0.055
-0.629 -1.265 -1.805
1.460 1.547 -1.652
-1.194 0.344 -2.360
1.519 0.989 -0.488
-2.492 -1.860 -1.225
-1.224 0.878 -1.353
0.348 0.373 0.537
1.907 2.370 -0.687
1.699 -1.506 1.631
-2.178 -2.127 -0.898
-1.781 -1.579 -1.905
-1.607 0.925 1.961
1.062 -0.412 -1.418
-0.519 1.501 -1.224
-2.427 -0.724 -1.295
-2.317 -2.178 -0.806
-1.042 0.358 1.945
0.880 2.388 2.456
0.643 0.958 2.136
-1.367 -0.820 -1.593
0.697 -1.422 0.137
1.165 -0.818 -2.118
-0.877 -1.663 1.648
0.950 1.988 -0.949
-0.128 -2.341 -0.746
1.032 0.456 -1.283
-0.097 1.002 0.026
-0.455 2.252 0.294
-1.369 -2.188 2.005
-0.651 -2.113 1.692
-1.434 1.671 0.082
0.839 0.963 0.697
-1.247 -0.409 -0.403
-2.190 1.518 -2.118
-1.545 0.693 1.831
1.004 -2.242 -1.764
0.546 -2.137 -1.445
0.599 -0.584 1.883
-0.282 -0.433 -1.548
-1.374 0.631 -1.296
-1.469 -1.548 -0.502
0.162 0.356 -1.170
-1.127 1.173 1.093
-1.862 -1.258 1.643
1.817 1.290 -0.945
-0.223 0.433 -1.824
1.272 0.872 1.373
2.342 -0.882 0.503
-2.066 -0.678 1.914
0.662 -1.468 -1.883
1.516 1.156 -1.242
2.143 2.432 0.437
1.490 1.971 -1.573
1.360 -1.673 -0.029
-0.009 1.199 -1.365
-2.428 0.033 -1.906
2.409 -1.490 0.451
0.770 1.636 -2.382
1.125 -1.091 -2.385
-1.182 0.684 1.574
0.604 0.735 -2.004
0.389 -0.292 -0.390
0.169 0.888 -0.270
0.304 2.081 -1.003
0.551 -1.465 -1.459
-0.040 -2.056 0.456
-0.051 -2.257 -0.919
-2.004 -0.880 -0.557
-1.702 -2.285 -1.907
2.280 1.443 -1.667
-2.095 -0.533 -0.462
1.589 -1.611 1.925
-2.475 0.301 -1.193
-0.809 -0.173 -1.194
1.052 -0.623 2.183
-2.382 0.176 0.571
0.165 0.767 -1.843
-1.953 1.863 0.275
-0.062 -2.076 -2.465
-2.119 0.165 1.626
-1.615 2.298 1.167
2.245 2.414 -0.519
1.441 0.640 -1.676
1.287 0.525 0.385
0.301 -1.754 -1.972
2.017 -1.066 1.714
-0.518 -0.245 -1.973
-0.742 -0.730 -0.044
-0.042 1.574 1.870
0.523 1.129 -0.629
0.407 0.859 0.723
-1.892 -1.847 1.597
-1.952 -0.363 -0.980
-1.515 2.074 -1.708
-1.851 0.298 -1.041
-1.767 0.917 -0.105
2.389 -2.234 1.029
-0.879 1.233 1.943
-2.027 -1.048 0.687
-0.057 1.534 1.503
-2.419 -1.312 0.960
2.426 0.776 -1.707
-0.530 1.557 -1.595
0.172 1.082 -1.127
1.180 2.398 -2.251
1.934 -2.208 1.776
1.256 -1.343 0.122
1.816 0.869 1.034
1.456 0.455 -1.973
-0.632 2.342 -0.709
2.270 1.932 -0.756
-2.325 -1.792 0.883
-0.551 0.508 -1.981
0.495 0.220 -2.157
1.737 1.196 -0.369
-2.046 -0.677 -1.491
-1.858 1.699 -2.423
2.398 1.616 -2.125
-0.574 -0.903 1.174
0.881 -0.910 -1.592
-1.789 0.984 1.275
-1.058 1.653 2.307
1.223 1.032 -1.535
1.245 -1.927 0.072
-2.231 1.804 0.102
-0.541 2.007 -1.909
-0.943 -1.647 -0.612
0.715 -2.094 -2.337
-1.585 1.506 1.226
0.554 -1.011 -1.307
-0.122 -0.544 -2.213
0.102 2.370 1.373
2.312 0.390 0.156
-0.233 1.485 0.579
1.536 -1.860 -2.441
0.607 1.807 0.385
-1.983 0.405 0.218
1.216 -0.907 -1.121
1.218 0.953 -0.718
1.183 1.400 -0.939
1.423 -1.343 0.090
-2.049 -0.425 -0.300
-1.891 -1.926 1.698
1.688 -0.827 -1.122
1.038 1.392 -1.917
0.403 -0.652 2.349
0.687 0.101 0.956
0.131 1.021 -0.295
1.007 0.120 -1.616
-1.462 1.173 -0.609
-0.468 0.174 -0.626
-1.147 -1.446 -1.614
0.500 -0.861 -0.895
-0.516 1.952 -0.438
-2.489 0.138 -1.962
-2.121 -1.748 1.060
0.621 -1.867 1.563
0.126 -1.720 -1.116
0.369 1.174 1.058
2.152 -2.271 -2.206
1.863 1.252 0.054
-1.254 0.218 -0.157
-1.335 1.623 -1.589
1.279 -2.495 2.179
-1.777 0.042 1.799
1.968 1.575 -0.335
0.648 -1.058 2.388
-2.109 0.570 1.958
-0.215 1.279 -2.352
2.054 0.197 0.053
0.283 0.948 0.250
0.461 0.219 -0.259
-1.145 -0.561 1.481
-0.616 -1.265 1.947
1.518 -0.023 -1.287
1.275 -0.722 1.654
-0.782 0.017 -0.590
-0.388 0.551 -1.515
2.054 2.247 -2.364
-1.035 0.257 -2.252
1.172 0.316 -1.799
-2.125 1.512 2.375
-1.575 -2.387 1.397
-0.224 1.013 -1.754
-0.953 0.308 1.172
-2.065 1.375 -1.476
-1.726 -2.444 -1.521
-1.730 -1.643 -1.684
1.974 1.752 -2.254
1.280 -1.689 -0.515
-1.228 -0.372 0.078
-1.631 -1.990 0.688
-1.782 -2.075 -1.567
2.048 -0.965 0.697
1.098 2.117 -1.461
2.058 -1.024 1.018
-1.068 0.043 -0.952
1.557 1.542 0.771
1.443 -0.463 -1.665
-1.215 2.292 0.243
0.664 -1.884 1.533
0.734 2.092 1.973
0.065 -1.816 -0.702
-1.313 -1.480 1.155
1.929 -1.678 -2.470
-0.285 2.489 -2.431
-2.303 -2.146 -1.405
1.838 -0.531 -0.919
-0.503 -0.160 1.549
-1.752 -2.138 0.074
0.447 -0.285 -0.752
0.417 0.278 -2.005
-0.773 0.736 -2.288
0.293 -1.641 0.324
0.254 0.448 2.479
-2.135 -2.264 -0.370
-0.960 -0.289 -0.397
-0.153 1.672 0.102
2.196 1.375 0.482
0.869 0.541 1.285
-0.470 1.260 -1.612
0.943 -1.073 -1.570
1.113 2.434 -1.154
0.936 1.492 -1.584
2.485 0.436 1.429
1.760 -1.687 0.695
1.059 1.778 0.356
-1.423 -2.274 -0.486
-1.009 1.207 0.888
-0.242 0.892 -1.503
-1.634 -1.261 -2.339
-0.421 -0.464 -1.822
0.494 -1.202 -0.509
1.550 -0.273 1.285
-1.154 -2.018 -2.183
-1.338 -2.324 0.468
2.029 -0.551 0.030
0.063 0.322 0.346
-1.002 -2.125 -2.435
1.645 0.042 -2.112
-0.494 0.419 1.583
1.967 -0.609 1.992
2.313 1.456 -0.634
1.061 -0.764 -2.306
1.348 0.850 -1.335
2.276 0.714 1.977
-1.537 1.887 0.833
-2.347 0.414 0.050
-1.049 -0.071 -1.672
0.826 -0.904 0.631
1.959 -1.579 -0.159
0.853 0.045 -0.177
1.073 -0.902 -1.744
0.634 -1.711 1.650
0.113 -0.984 1.079
-1.357 -0.512 -1.387
-0.232 -1.743 -0.763
-1.740 1.878 -2.012
-1.697 0.617 -0.105
0.727 -0.054 0.472
-1.170 -2.081 -2.173
0.716 0.661 -0.506
-0.203 2.069 1.225
2.048 -0.598 -0.946
2.314 -2.368 -0.728
-1.809 -1.032 1.119
-0.705 -2.289 0.581
-1.969 0.410 -0.781
-0.356 -1.710 0.750
0.844 2.304 -0.023
2.218 -2.463 0.694
-0.308 1.640 0.117
0.966 -0.030 -2.217
0.399 -1.421 -2.248
-1.268 2.252 -0.700
-1.329 1.372 -2.440
-2.178 1.770 2.452
-1.551 1.337 -2.317
1.090 2.184 -0.254
-2.157 -2.244 -2.414
0.844 -0.187 -0.892
0.778 1.849 1.089
0.921 1.155 1.116
0.678 0.166 -0.702
-1.460 1.608 -1.339
-0.825 -1.800 -1.734
1.477 1.319 1.967
0.247 2.123 0.931
0.376 2.186 -1.196
0.633 -0.858 0.622
2.283 -0.477 1.983
1.530 1.748 -0.259
2.421 0.459 -1.298
1.463 -0.823 -2.110
-0.162 -0.489 1.164
-2.323 0.848 -1.098
-0.164 0.288 -0.677
2.280 0.014 -1.372
1.594 -0.221 1.215
-1.052 -0.066 -1.896
1.220 -0.886 -0.688
0.112 2.268 0.957
-2.149 -2.177 -2.418
-1.701 2.260 -2.180
0.693 0.122 2.074
-0.613 0.175 -0.767
0.884 -2.277 2.141
-1.449 -2.026 1.383
-1.813 -2.269 -0.311
-1.610 0.607 2.404
1.911 -0.901 -2.110
-1.807 0.835 -0.195
1.945 1.826 1.447
1.121 0.286 -2.486
-0.645 -2.473 -2.224
0.824 1.197 0.134
1.978 -1.310 0.798
1.822 -0.055 1.796
0.180 -2.204 2.334
0.742 -0.760 1.842
-1.831 -1.413 -0.213
-0.879 -0.976 -1.381
1.047 -2.426 1.122
-1.869 -0.268 0.013
0.556 -0.916 0.636
-0.018 -0.209 0.503
-2.451 0.372 1.157
-1.426 -2.388 -1.264
-0.152 -0.031 -0.230
-1.398 -0.669 -1.968
1.781 1.518 1.125
-1.836 2.173 -1.102
-0.910 -1.279 0.531
0.363 0.425 -0.478
-0.703 2.161 -0.305
-0.639 -0.003 -0.091
1.151 0.140 -1.305
1.260 -0.905 -1.235
-0.318 1.178 -2.107
0.972 -1.767 -2.031
-1.688 1.175 -0.216
0.298 -1.009 -1.426
0.070 2.137 0.504
-1.932 -2.100 2.097
-0.975 1.570 1.016
0.194 1.346 -1.994
1.058 -0.931 -0.301
1.360 -0.162 -0.958
-0.668 0.137 -2.261
-1.977 -1.452 0.086
1.963 -1.580 1.100
1.698 -2.405 0.887
-1.374 -1.541 0.115
0.037 -2.012 0.715
-0.426 1.716 -2.003
2.208 0.735 -0.033
-2.295 0.680 1.839
-0.415 1.492 -2.289
1.441 -0.844 -0.228
-0.494 -0.463 0.681
-0.418 -1.111 2.313
-0.864 2.338 0.245
-0.886 -2.106 -0.677
-0.479 -0.750 0.769
1.488 -2.431 0.773
0.875 -1.611 1.149
-0.055 -0.016 1.295
-0.710 -0.795 1.166
-2.278 0.925 -1.875
-1.921 -2.439 2.072
-1.551 0.093 -1.090
1.780 -2.154 1.210
1.497 0.660 1.387
0.491 -2.008 1.124
1.683 -1.743 0.637
-0.405 -1.876 1.002
2.306 -2.023 -0.720
0.511 0.160 -1.702
2.248 -1.751 -0.043
0.629 -0.635 -1.047
1.173 -2.087 -0.549
1.475 -0.812 -1.438
1.911 1.331 -2.437
-0.672 0.491 0.897
0.388 0.173 -1.630
-2.117 -2.490 2.364
1.184 1.357 2.412
-1.725 -0.144 1.401
1.554 2.376 -1.792
-0.213 -1.039 0.267
2.286 1.487 -1.243
-1.122 -0.087 -0.558
0.461 -0.475 1.082
1.622 0.055 -1.354
-1.682 -0.217 2.360
2.273 0.634 1.650
2.005 1.439 -1.938
-2.337 1.958 -1.757
1.724 -1.655 -0.429
-1.944 -0.841 1.284
-0.907 -1.692 -1.029
1.409 1.565 1.890
1.747 2.114 -0.768
-1.866 0.220 -2.487
-1.122 -2.184 -1.531
2.398 0.193 0.632
0.276 -0.466 1.742
-0.302 -0.907 -0.804
1.121 -0.245 -0.789
-1.929 -0.495 0.782
-0.097 -1.129 -0.380
2.398 -2.003 -1.152
-1.548 -1.302 1.032
0.650 -1.100 1.532
1.916 -1.392 -2.134
1.879 1.292 0.006
-0.004 -2.013 1.323
1.878 -1.290 -2.181
1.276 -0.140 0.782
1.573 0.844 1.494
-0.331 -0.052 0.860
-1.029 0.991 0.181
1.477 1.859 -1.853
0.921 -1.440 -1.341
-1.743 1.823 -1.604
1.991 0.425 -0.341
0.439 1.878 0.703
-1.003 1.509 -2.121
1.809 -0.960 -2.058
-1.625 -2.444 -0.330
1.016 1.538 -2.124
0.954 -0.903 2.173
1.137 1.544 0.793
-0.547 1.148 -0.081
-1.814 -1.004 0.132
-1.635 1.810 -1.169
2.387 1.814 -1.963
0.034 2.088 2.077
0.012 -0.425 1.354
1.044 0.311 1.009
1.411 -2.191 2.479
-1.183 -1.506 -1.740
1.295 -0.416 1.054
1.186 -0.309 2.059
1.082 -1.381 -1.809
-2.308 0.565 1.879
-0.718 2.279 0.792
-0.840 -0.925 1.997
-2.087 -2.496 1.387
-2.311 -2.326 -0.672
-1.470 -1.761 0.795
0.418 -1.762 0.061
2.259 1.968 1.905
-2.123 1.738 1.650
-0.378 -0.404 -2.439
0.004 -0.037 -0.290
-2.295 -2.254 1.588
0.502 1.313 -1.953
-0.166 2.266 -1.769
-1.600 1.769 1.054
-1.711 -1.751 0.451
2.163 1.842 2.283
-0.808 -1.365 -0.750
2.069 0.310 -0.249
-1.945 -0.325 1.513
-1.046 0.230 0.578
-0.647 0.836 1.629
0.450 2.062 1.110
-0.219 -0.452 -1.093
0.009 0.918 0.263
-0.008 2.180 1.619
1.810 -0.676 -0.430
-2.364 0.536 -0.828
-1.473 -0.033 2.125
-0.555 -0.197 1.223
-1.049 0.519 0.243
1.431 -0.215 1.330
-1.658 0.485 -2.171
-0.762 -0.296 2.079
0.853 1.063 -1.923
0.005 1.351 -1.765
-1.817 0.077 -0.408
-0.346 1.448 -1.123
-2.232 1.353 0.098
0.584 -0.059 -1.953
-1.540 1.802 -1.402
-1.439 -2.189 -2.395
-1.391 1.018 2.497
-0.095 0.084 0.371
1.405 -0.572 0.161
1.794 1.738 -1.569
-0.461 -1.992 1.554
2.495 1.751 2.164
-1.349 -1.309 -2.496
-1.678 -0.077 -1.042
0.441 -1.008 -1.847
-2.233 1.571 1.816
1.510 1.147 -1.128
0.509 0.177 -1.019
2.331 -2.311 2.301
2.117 -1.437 0.890
1.926 -0.931 2.412
0.381 -0.613 -1.513
-0.346 0.439 0.333
2.023 0.189 2.042
-1.839 -0.451 1.320
1.199 0.374 0.540
1.012 1.756 0.873
-2.388 -2.175 0.631
-1.787 0.898 1.551
1.038 -2.181 -0.414
1.585 1.104 1.316
0.227 -1.032 -0.972
0.041 -0.202 0.768
1.253 -0.542 -0.731
-1.573 2.470 1.337
0.361 -0.045 -2.432
-1.940 -0.493 2.144
-0.881 2.232 2.500
-0.165 1.112 -0.192
1.826 0.054 -1.025
-0.861 1.187 1.733
-0.353 0.909 1.629
2.355 -1.805 -1.390
-0.497 0.284 -1.736
-0.044 -0.390 -1.182
-1.868 -0.247 -1.407
-2.101 0.254 -0.649
-2.105 1.656 1.957
-0.060 -2.024 1.008
-0.076 2.372 -0.673
-0.519 1.097 -2.018
-1.254 0.970 0.534
-0.162 -1.567 -0.135
1.664 -2.065 -0.430
1.648 0.205 0.871
-1.387 0.924 0.785
1.386 1.853 -2.450
1.983 -2.415 -1.078
-1.047 -0.341 0.788
-1.546 1.523 -0.912
0.789 0.025 1.727
2.231 -0.677 1.812
-2.140 -1.040 0.475
1.877 1.226 2.041
1.268 1.927 1.229
2.236 1.644 0.135
-0.829 0.280 -2.385
-2.043 -1.180 0.977
-0.950 0.777 -0.987
-0.025 1.864 1.063
-1.062 2.411 -0.207
-1.212 -2.433 -0.823
-1.131 1.526 -2.071
-0.041 -0.353 -1.783
-0.049 0.908 -0.760
-2.184 1.191 -1.816
-1.923 0.646 -1.031
0.421 0.612 1.882
0.213 2.114 -1.490
1.094 0.166 1.400
-0.397 -1.921 -1.988
0.744 0.631 -1.767
2.127 0.338 -0.207
1.351 0.814 -2.278
1.961 -0.582 0.534
0.035 1.060 0.156
-1.609 0.162 -0.981
2.326 2.023 -0.333
0.121 -0.018 2.019
-0.610 -1.999 1.590
-2.132 0.018 -1.953
-1.915 2.406 -0.026
0.488 -0.439 -0.038
-0.918 -0.749 -1.885
-1.825 2.002 -1.192
1.762 -0.432 1.293
0.767 -2.234 0.661
1.170 -1.251 -1.161
0.205 1.756 0.741
0.879 0.380 -0.208
-1.078 -0.575 2.467
-1.549 2.382 1.353
2.079 -0.682 1.312
1.710 2.009 0.982
1.183 0.917 -2.287
0.206 0.486 -0.436
-2.245 -2.075 1.761
-1.457 1.964 1.257
-1.710 -0.047 -0.598
-1.176 -2.496 -0.144
0.963 -1.572 -2.289
0.885 1.465 0.919
1.296 -0.616 -0.330
-1.035 1.999 0.942
1.055 -1.949 1.522
0.553 -0.299 -1.175
2.087 2.405 0.357
-1.841 0.915 -1.900
0.880 0.358 -0.505
2.493 -0.285 -2.467
-1.801 -0.624 1.260
-1.219 -1.407 -1.252
-2.491 -2.137 -1.313
-2.348 -0.721 2.380
-2.303 -1.032 0.678
-1.498 -1.272 -0.334
1.363 -1.455 -0.042
-0.639 -1.449 -1.235
-0.120 -0.427 -1.302
-0.401 0.485 1.917
-0.222 -0.713 -0.214
2.074 -0.336 -1.011
-0.933 1.507 -1.017
0.653 -0.261 1.305
-0.027 -0.417 2.173
-0.018 2.079 -2.126
-1.168 -0.991 1.678
-0.948 2.410 -1.253
-0.220 -0.466 -0.507
0.781 0.079 -0.427
1.122 -1.233 -1.008
2.231 -1.372 0.134
-1.988 -1.362 -1.201
-1.456 1.540 -1.525
2.370 1.715 2.498
-1.869 -1.698 -1.705
1.934 0.193 -2.242
-0.129 -1.832 -0.389
1.258 -1.681 1.841
0.782 -0.722 1.222
1.391 -1.715 0.903
0.388 -2.379 -0.629
0.352 0.073 -1.520
1.399 -1.724 0.723
1.048 -0.294 1.723
-1.756 1.702 2.272
-0.245 -1.607 -2.341
1.084 1.561 -2.112
2.373 -1.493 0.758
1.868 1.783 0.290
1.389 -1.680 -1.802
0.021 2.301 0.547
1.191 -1.238 0.642
-0.896 -0.265 -1.702
2.387 1.186 -0.895
-0.532 1.120 -2.331
-0.091 0.537 -0.365
0.793 -1.233 -0.481
-1.774 -0.903 -0.005
1.041 -2.143 0.842
-2.444 1.404 1.564
-1.245 -0.317 -0.687
1.701 1.060 -1.176
-1.557 -2.027 1.124
-0.346 1.225 0.047
-1.209 0.889 2.232
-2.273 -1.314 -2.438
-1.311 1.195 -1.627
1.967 -2.076 -2.255
-0.591 -2.269 -0.406
-2.393 -0.908 1.542
-2.460 0.653 1.424
-1.637 1.693 -1.550
-1.099 -1.192 0.672
-1.364 2.468 -1.896
1.934 0.060 1.995
1.600 0.662 -0.233
-0.477 0.409 1.128
-2.316 -1.131 0.837
1.951 -0.236 1.501
-1.313 -2.415 -1.935
-1.317 -0.852 2.059
-0.171 -1.565 -0.246
-2.011 1.784 1.229
-0.251 1.905 1.406
-0.480 1.065 -1.290
-0.850 -2.365 -1.591
1.733 -0.423 2.315
-0.868 0.378 -1.715
-1.285 0.763 0.972
-1.159 -2.165 1.653
0.475 -1.286 1.770
-1.186 -1.241 -0.860
1.784 -2.401 -0.198
-1.091 -1.486 1.802
0.456 0.808 -2.167
-2.341 -2.239 1.317
1.683 -1.866 0.447
-2.285 1.635 2.240
-0.019 -0.847 -1.296
1.489 -0.582 0.708
-2.481 -1.247 0.605
0.951 2.315 -1.568
-0.504 0.043 -1.887
2.445 0.977 -1.406
-2.316 1.882 -0.284
1.764 -0.092 0.779
-0.985 -1.831 -0.465
0.823 -0.974 0.038
0.604 -1.575 0.888
0.309 -1.797 -1.341
0.543 -1.992 0.143
2.449 -1.387 0.597
-2.002 0.535 2.220
2.249 -1.195 -0.615
0.695 -1.694 -1.594
1.298 2.136 -2.069
-0.156 1.635 -0.467
2.031 -1.906 -1.109
-2.055 -2.469 0.865
0.538 -1.608 0.621
-1.368 2.185 1.505
-1.234 1.625 -0.038
0.370 0.621 0.014
-1.037 1.334 0.213
1.726 2.372 -1.368
-2.423 -1.117 -2.489
-2.265 -0.381 1.039
0.950 -0.263 1.291
2.001 2.380 0.988
-0.129 -2.217 2.199
0.416 1.599 -1.607
-0.721 -1.337 0.107
1.816 0.249 -0.879
-0.112 -0.305 -2.233
0.849 2.254 2.241
-1.560 -0.547 1.422
-0.534 -0.709 2.235
1.209 2.355 0.971
-0.523 -2.130 -0.656
-1.672 0.296 0.274
2.243 -2.107 1.772
0.639 0.390 0.569
-2.039 -0.009 2.417
-1.522 -1.110 0.134
0.097 2.267 1.074
2.300 1.413 2.383
1.489 2.081 0.679
-1.306 -0.590 2.432
1.850 -0.051 -0.808
1.706 -2.220 1.138
-0.568 -1.673 -1.024
-0.647 -1.084 1.908
-0.423 0.781 -2.012
-2.348 -1.778 0.813
2.060 0.687 0.104
2.282 -0.548 -0.719
0.340 1.155 0.672
-2.232 -0.356 1.659
1.291 2.349 -2.483
-0.324 1.669 0.218
0.273 -0.944 2.171
1.557 -0.905 -0.073
2.462 1.656 -1.438
1.102 2.328 -0.054
-0.724 0.782 -0.598
2.114 -1.484 0.052
0.043 2.415 1.535
0.535 2.326 -0.300
1.724 -2.178 -0.282
2.234 2.162 0.949
-0.971 -0.625 -1.199
1.616 -1.766 -2.298
2.325 0.057 -1.557
-1.198 -1.198 -1.106
2.236 1.467 1.156
0.912 1.062 2.236
2.139 0.945 1.381
-0.897 -0.512 1.707
1.750 -2.412 2.101
0.395 -0.194 -2.001
1.638 2.488 -0.776
-1.231 -0.964 1.361
0.848 -2.048 -0.209
-0.698 0.375 1.923
1.365 2.037 -1.057
-1.069 -0.346 1.891
-2.090 -2.206 -1.565
-2.096 1.244 0.513
-0.102 0.225 -1.263
0.582 0.628 -2.347
2.391 0.893 1.689
0.805 -1.210 -1.123
1.506 0.208 0.403
2.084 -0.779 -0.991
-2.244 -1.434 -0.895
1.370 -1.691 2.426
-0.042 0.840 -1.749
1.490 1.562 1.733
-1.831 0.554 -1.648
-1.766 -1.248 1.276
0.290 -0.673 -0.294
0.342 0.200 -1.981
1.308 -1.203 0.240
0.417 2.363 -1.680
-1.412 -1.338 0.520
1.255 -0.663 0.456
0.292 -0.432 2.360
-1.218 -0.136 0.435
-1.779 2.094 1.366
-0.977 -1.200 0.550
-1.575 -1.110 -2.456
1.998 -0.852 2.077
1.679 0.401 -1.003
0.139 2.148 -1.812
-2.258 0.979 0.248
-0.455 -1.164 -0.590
-1.492 0.513 -1.376
-1.491 -1.462 1.970
-2.485 0.474 1.248
0.231 -0.469 2.412
1.695 -1.244 -0.726
-2.025 1.809 2.190
-0.330 -0.699 1.691
-1.627 -1.613 2.010
0.319 0.308 -1.917
0.502 2.120 -1.961
-1.084 0.499 1.762
0.055 1.408 -0.812
0.076 0.097 -0.261
1.234 0.266 -0.317
-1.796 -1.825 -0.727
-2.375 -2.195 1.076
-2.343 -2.489 1.043
2.257 -0.123 1.092
-0.419 1.682 -1.187
1.777 -0.418 -2.043
2.382 0.766 2.137
-1.732 0.738 -0.868
1.435 1.502 1.600
-0.461 -0.806 -0.979
-0.443 2.395 -0.319
-2.101 1.352 0.687
-0.173 0.556 0.562
-0.131 1.236 1.439
1.078 2.114 1.315
1.419 -0.887 1.499
1.014 -0.767 1.362
-1.378 1.995 2.372
0.623 -1.451 -0.253
0.363 -0.656 -0.175
1.039 -1.704 2.101
-1.058 -1.108 -0.172
-1.273 2.434 -1.260
1.597 0.445 0.660
-0.557 -1.748 2.255
-1.101 0.829 2.422
2.388 -2.011 -2.085
-0.569 1.159 -0.597
0.554 -2.190 -1.224
1.143 -0.421 1.292
1.139 1.709 1.426
-2.377 0.270 -1.874
-1.897 2.270 2.278
-1.470 -2.423 1.552
-1.388 -1.183 -0.234
-1.103 2.294 0.418
0.624 0.366 -1.215
1.675 1.741 -2.115
-1.620 -1.065 1.665
1.761 -0.921 -1.881
1.455 1.225 -1.858
-0.429 -1.900 1.764
-0.343 -0.187 0.087
2.187 0.001 0.196
-2.420 -1.902 2.059
-0.051 -2.387 2.266
-0.492 2.234 -1.148
1.538 1.219 0.971
-0.267 -1.818 -1.913
1.601 1.431 -1.369
-1.505 -2.036 1.094
1.346 -0.165 0.753
1.897 -0.405 1.688
1.846 0.908 1.779
1.605 0.748 -2.366
1.724 -1.948 1.431
1.217 0.836 2.110
-1.610 1.297 -1.001
-1.520 0.836 2.342
-2.227 0.694 -2.317
-0.087 0.697 -0.795
-0.250 -0.192 0.803
-1.106 -1.232 1.864
-1.484 -0.786 0.949
0.956 -0.160 0.559
2.367 -1.620 -1.627
1.431 -1.862 1.337
2.237 -0.952 -0.715
-0.321 -1.238 1.459
-0.434 0.227 -2.052
0.638 0.135 -0.735
0.907 -2.221 0.878
0.191 -0.541 -1.771
-0.336 -2.359 -2.327
-0.631 0.993 1.267
-2.480 -1.156 -1.231
-1.123 -0.579 0.830
-1.260 2.414 -1.018
-0.151 2.341 -0.693
-1.455 0.507 -2.393
-0.408 0.066 1.224
2.237 1.607 -1.691
0.520 1.322 -1.617
-1.106 0.648 -1.788
-1.980 -0.946 -1.023
0.068 -1.419 -0.588
-2.354 -2.403 -1.256
1.037 0.460 1.149
-0.482 1.024 -1.397
-0.441 -2.350 1.121
-1.994 -1.491 2.375
0.395 -1.031 -2.326
-2.106 -0.938 1.208
1.823 1.152 1.765
-1.889 0.026 1.380
-0.768 2.224 -2.449
-1.436 -1.204 0.342
-1.342 1.523 1.767
-1.379 -2.007 2.163
1.078 -0.050 2.359
1.387 0.584 -0.183
-0.926 0.008 -0.014
-2.238 0.597 0.512
-1.972 0.229 -0.744
-0.609 -1.687 2.403
-2.039 2.270 1.089
1.160 2.400 1.938
0.866 -2.084 2.065
-1.888 -0.197 -1.714
0.111 -1.035 0.304
-1.611 -1.461 0.767
2.360 -0.670 1.986
-1.107 2.450 -1.880
1.218 2.430 1.882
-1.326 -0.419 1.331
0.101 0.986 -1.263
1.943 -0.294 1.632
1.184 0.692 -0.268
-1.974 1.630 -1.040
0.538 -1.213 0.561
0.953 2.370 2.075
2.346 -0.998 -0.087
2.020 1.938 1.043
-2.305 -0.502 2.317
-1.530 -1.276 -1.266
-0.821 -2.474 0.084
-1.787 2.186 1.557
-1.846 1.025 -0.355
-0.479 0.799 -1.638
-0.250 0.371 0.728
-1.196 -0.294 2.102
2.194 -2.194 1.895
-0.414 0.492 1.013
1.566 -2.040 -2.098
-0.709 -1.636 -2.135
-1.740 -2.305 -1.542
-1.161 -1.178 1.365
0.408 0.969 1.987
-1.039 -0.173 2.287
-1.103 0.888 -2.467
1.893 2.351 -2.464
2.438 -0.959 -2.044
-1.713 2.479 -0.891
-0.612 -2.380 -2.045
0.444 2.160 1.234
-0.371 1.311 2.232
-2.476 1.502 0.317
0.379 -2.253 2.480
2.211 -2.168 1.645
0.277 0.747 -0.613
-1.143 -1.157 1.781
1.697 2.338 2.054
0.632 1.369 1.973
2.263 -2.296 -0.127
-0.657 -2.260 -1.560
-0.517 0.851 -2.242
2.413 0.527 -2.035
1.957 2.275 -0.235
-2.083 -1.176 -1.184
2.244 -0.181 -1.987
1.177 0.519 1.681
1.777 0.893 1.113
-0.567 -0.442 -0.366
1.209 -2.143 1.479
-2.420 1.718 -0.725
0.996 0.216 -2.399
-0.526 2.046 -1.797
-0.050 2.064 0.988
1.407 0.358 1.104
-0.113 -0.316 -1.115
-1.069 -1.828 2.109
1.300 -2.381 -1.003
1.321 -1.752 2.201
-1.362 -2.476 1.878
-2.137 -0.014 2.149
-0.708 2.392 -2.460
1.415 -0.627 2.492
-1.502 2.400 -0.630
1.866 -0.992 1.514
-2.194 -1.148 -2.441
2.331 -0.711 -0.710
0.518 0.716 -1.493
0.553 -1.498 0.137
-0.385 0.047 -0.756
-2.061 2.304 -0.098
-1.617 1.962 -0.448
-0.805 0.736 0.792
0.517 -0.026 0.014
0.893 -0.318 -1.869
-1.671 0.571 0.589
2.061 1.966 -0.947
-1.424 -1.139 -2.083
-2.241 1.501 1.219
-2.071 -2.484 2.029
0.456 -0.906 -0.707
-0.471 1.437 -1.915
-1.559 -2.409 1.938
-1.693 0.788 -1.406
2.321 2.238 1.123
-0.406 -1.917 0.309
-0.157 -0.480 0.423
-1.830 -0.283 -2.245
2.463 1.288 -1.913
1.409 -2.039 -2.485
1.897 0.693 2.328
0.686 0.137 -1.111
-2.394 -1.329 1.384
1.391 1.219 0.687
-1.066 1.285 -2.102
-1.720 -0.904 -0.715
0.405 0.740 -2.424
0.137 -0.388 -2.348
-1.498 2.193 2.020
1.478 1.029 -0.857
-1.166 -0.347 -1.496
0.574 -1.241 2.233
-1.412 0.221 1.930
-1.420 -1.924 -1.538
0.887 1.315 -1.969
-2.450 1.163 -1.740
2.119 2.394 0.625
-0.459 1.177 -1.647
1.672 2.313 1.495
0.358 -0.752 -0.787
1.256 -2.162 -0.546
-0.517 1.695 0.024
-2.179 1.653 2.456
-0.458 0.777 0.722
-2.112 1.425 1.360
0.857 2.262 2.319
1.679 2.419 0.374
-1.595 2.468 1.290
-2.143 -1.373 -0.147
-0.689 1.886 -0.579
-2.213 1.847 0.167
-1.447 -1.714 -2.472
-0.969 0.460 0.797
-0.504 -1.571 -1.196
-1.044 2.312 -0.325
-1.646 -2.234 -0.647
1.495 0.832 -1.475
-2.113 1.680 0.814
2.354 1.944 -2.410
0.586 -0.788 1.656
2.463 0.342 0.664
2.363 -0.011 -0.311
1.852 0.734 0.044
-2.160 1.231 -0.562
-2.153 0.048 0.686
0.526 -1.680 0.815
2.480 -0.074 0.373
-2.059 -0.807 1.835
-1.989 0.192 0.424
1.023 -0.872 -1.402
2.049 0.452 2.153
-1.621 -0.601 1.779
0.779 0.892 1.128
0.664 0.806 -2.268
-0.099 -1.651 -0.977
1.491 -0.617 1.796
1.147 -2.407 -2.474
0.243 1.077 0.698
2.137 -1.152 1.446
-0.888 -1.205 2.042
-1.190 -0.093 -0.590
1.365 1.606 -0.955
-1.942 -1.484 -2.018
1.722 -1.307 2.092
0.745 0.237 0.611
-1.229 -0.484 0.969
-2.100 -0.348 -1.151
-0.021 0.398 -1.426
-2.015 1.117 -1.365
-0.484 0.019 2.384
-2.042 0.657 -0.820
0.175 0.207 -1.607
0.993 -1.567 -1.389
2.056 -1.215 -1.879
-0.823 2.008 2.140
-1.942 1.017 -2.128
1.221 2.373 2.350
0.763 2.071 -0.538
0.125 -0.745 -1.703
1.464 -0.403 2.163
0.058 2.370 -0.886
1.582 -2.272 0.804
0.510 -0.374 -2.220
-0.968 0.171 -0.165
1.443 -1.417 1.641
2.074 -0.311 0.687
-0.605 -0.568 -1.161
-1.619 -0.226 -0.159
1.902 2.170 -2.246
0.185 -2.071 1.856
-0.084 -0.536 1.033
-2.109 -0.079 -2.331
-1.632 2.006 2.212
-1.045 0.985 1.601
0.123 -2.108 -1.853
2.201 0.983 1.440
1.163 -2.402 2.170
-0.765 1.509 -1.696
-1.594 -0.280 -0.682
0.848 -0.878 -1.731
2.434 -0.706 -2.359
0.364 1.484 -1.279
2.119 1.164 -2.009
-0.068 -1.975 0.095
-1.421 -1.537 2.022
-1.921 1.821 -0.198
-1.439 0.555 1.950
1.781 -0.021 -0.639
-0.727 -2.179 1.082
-1.029 1.359 -0.179
-0.080 2.212 -0.138
-0.466 -1.368 -2.111
2.063 1.043 0.380
2.249 -0.383 -1.147
0.828 -0.875 1.861
0.607 1.492 -0.530
0.161 -0.169 2.083
-1.989 0.078 1.826
-1.587 1.734 -1.993
-0.004 1.527 2.310
-0.701 0.140 0.924
-0.199 2.053 0.222
2.496 0.861 2.310
0.961 1.351 -2.039
-2.433 -1.416 -2.006
0.174 -0.091 1.716
2.498 -0.670 2.167
-0.830 -0.109 1.730
1.581 1.387 -0.289
1.726 0.736 -0.238
-0.656 -2.236 2.442
-1.309 -0.116 2.334
-2.077 -0.811 -0.123
-2.180 -1.691 -2.194
1.462 -1.435 1.434
