3
32
-0.184 -2.316 -1.276
1.037 -0.824 -1.230
2.340 1.895 -1.010
1.958 -1.025 0.547
2.004 0.384 -0.296
1.223 1.330 -0.192
1.713 -0.371 -0.841
0.331 -0.920 0.465
0.434 2.273 2.182
-0.092 -2.495 -0.494
-0.484 0.512 1.433
1.429 1.780 1.398
-0.583 0.336 -1.250
1.652 1.955 -2.194
0.464 1.404 1.289
-0.644 1.749 -0.636
0.220 1.763 -1.575
1.739 -2.338 -2.122
-2.046 -0.440 -1.079
-0.008 1.468 1.275
-2.164 1.304 2.144
-0.970 1.014 -0.651
1.799 0.562 -2.166
-1.109 0.909 2.396
-1.903 2.137 2.115
-1.632 1.873 -0.691
-0.169 -1.822 1.527
-2.300 1.472 1.759
0.395 -2.327 1.373
-1.632 1.415 0.359
-1.810 0.301 1.220
2.158 -1.024 0.429
-0.783 -1.034 0.881
-1.746 0.325 1.147
-0.326 1.731 2.470
-1.454 1.039 -0.694
1.097 -1.101 0.805
-1.227 0.539 0.608
2.235 2.305 2.017
-1.364 0.313 1.792
0.185 -2.460 -1.858
0.468 1.109 -0.120
-0.865 1.452 -2.316
1.252 -2.411 0.788
1.431 -0.942 -0.757
-1.598 -0.007 -0.028
0.248 -0.607 -1.270
-1.932 0.875 1.168
2.449 -1.561 -1.508
2.226 -1.244 -1.832
-1.577 0.107 1.143
0.997 1.833 2.378
-1.987 1.722 0.850
-2.129 0.974 -1.083
0.991 1.207 -0.084
0.280 -2.413 -0.527
-1.708 -1.121 1.139
-2.318 -0.651 -0.146
0.414 0.639 1.255
-0.601 -1.888 1.509
-1.180 -1.244 -2.034
-0.450 1.102 1.285
0.831 1.998 2.112
0.970 1.954 -0.835
1.233 -0.271 1.669
-1.535 -0.679 -0.629
-1.233 -2.349 0.759
1.780 -0.519 -2.471
0.343 -0.464 0.799
-2.358 -0.383 0.512
0.237 -1.820 -2.153
-0.631 1.940 -0.404
-0.698 -1.173 -0.744
1.457 -2.349 1.488
1.297 -2.263 -0.755
-2.064 -2.024 2.291
-2.367 -1.825 0.619
-1.817 0.131 0.774
0.835 -1.385 -0.575
-0.121 0.169 0.807
-0.580 -1.664 1.264
-1.715 0.735 -1.431
-2.134 0.976 1.588
0.529 2.193 1.450
1.592 1.467 0.469
-0.635 0.423 -0.046
-0.859 2.441 1.918
1.217 0.854 1.896
-0.460 -0.273 1.943
-2.063 1.766 0.331
1.469 0.742 2.404
-0.298 1.391 -0.943
-0.650 0.023 -2.040
0.731 0.918 -2.221
-0.425 2.190 -1.046
-1.621 -2.056 -1.008
